0.065331
0.124122
0.207964
0.283427

0.05898
0.117728
0.201541
0.268678

0.077736
0.145186
0.195604
0.262612

0.087052
0.179146
0.264186
0.331313

0.064136
0.164567
0.240035
0.315546

0.043132
0.160409
0.244242
0.319589

0.045777
0.104551
0.196825
0.255555

0.064763
0.148581
0.215755
0.282931

0.067369
0.151093
0.226682
0.293822

0.07877
0.137561
0.204666
0.246758

0.07307
0.148531
0.207363
0.291189

0.059268
0.118017
0.168548
0.252345

0.078594
0.153929
0.221099
0.279948

0.054925
0.123241
0.182078
0.249238

0.066272
0.141732
0.226763
0.310554

0.052454
0.144579
0.211753
0.270565

0.072611
0.13971
0.190146
0.257207

0.07526
0.125621
0.200961
0.251293

0.077532
0.144666
0.220155
0.304015

0.079951
0.138711
0.222559
0.289721

