-------------------------------

9.53954
19.14
28.2236
-------------------------------

10.2138
19.6975
29.0062
-------------------------------

10.162
20.2793
29.5354
-------------------------------

9.80376
19.4458
28.6546
-------------------------------

10.3687
19.8356
28.9943
-------------------------------

10.2581
19.8587
29.2676
-------------------------------

10.2416
20.1005
29.4345
-------------------------------

10.4832
20.1252
29.2589
-------------------------------

9.98224
19.8908
28.9661
-------------------------------

10.0333
19.6096
28.6932
-------------------------------

10.0712
19.9802
29.2152
-------------------------------

10.1296
19.6216
28.7804
-------------------------------

10.1449
19.8537
29.072
-------------------------------

10.2689
20.1776
29.6449
-------------------------------

10.5758
20.2525
29.578
-------------------------------

10.3011
19.7763
28.935
-------------------------------

10.1922
19.826
29.1212
-------------------------------

10.4492
20.1163
29.3
-------------------------------

10.0578
19.7498
28.8503
-------------------------------

10.0916
19.8668
29.0174
-------------------------------

