0.199064
0.199065
0.199071
0.199072
0.199185
0.199251
0.237991
0.237995
0.238001
0.238003
0.238103
0.238199
0.238298
0.238405
0.238654
0.238748
0.23884
0.238937
0.23905
0.239124

0.18168
0.184423
0.184439
0.235
0.235001
0.235002
0.235004
0.235057
0.235059
0.235062
0.235109
0.235118
0.235182
0.235227
0.235274
0.235315
0.235359
0.235832
0.236084
0.237907

0.20048
0.200543
0.200598
0.20064
0.200653
0.200659
0.200685
0.200727
0.200767
0.200812
0.20085
0.200892
0.200934
0.245577
0.245578
0.245578
0.245581
0.245667
0.245725
0.245788

0.217489
0.217495
0.217503
0.217511
0.217547
0.217587
0.217626
0.21766
0.217695
0.217728
0.217768
0.217806
0.255712
0.255717
0.255728
0.255731
0.255788
0.255797
0.255958
0.256092

0.399559
0.399565
0.399568
0.39957
0.39963
0.399671
0.399709
0.39975
0.399794
0.399832
0.399875
0.399912
0.425
0.425002
0.425004
0.425011
0.425054
0.425058
0.425105
0.425153

0.211763
0.211767
0.211772
0.211773
0.211825
0.211863
0.211899
0.211936
0.211972
0.212009
0.212048
0.212087
0.212122
0.235297
0.235301
0.235308
0.235309
0.235351
0.235361
0.235416

0.22538
0.225396
0.225402
0.281946
0.281949
0.281957
0.281959
0.282
0.282049
0.282104
0.282146
0.282188
0.282234
0.282278
0.282329
0.282375
0.282423
0.282471
0.282519
0.282565

0.222597
0.222598
0.222599
0.299153
0.299153
0.299154
0.299157
0.299216
0.299217
0.299278
0.299285
0.299331
0.299385
0.299435
0.299481
0.299525
0.299825
0.299912
0.300054
0.300063

0.193136
0.193137
0.193147
0.25793
0.257931
0.257933
0.257934
0.257992
0.257996
0.257997
0.258045
0.25805
0.258059
0.258112
0.258167
0.258214
0.258262
0.258307
0.258355
0.25844

0.217388
0.217391
0.217393
0.244706
0.244708
0.244709
0.244841
0.2449
0.245064
0.245217
0.24529
0.245315
0.245385
0.245433
0.245478
0.245488
0.245544
0.245624
0.245674
0.245686

0.297394
0.297458
0.297501
0.297542
0.297551
0.297561
0.297562
0.297582
0.297623
0.297662
0.297707
0.297748
0.297787
0.297825
0.297864
0.297903
0.346088
0.34609
0.346091
0.346093

0.321991
0.322085
0.322149
0.322229
0.322306
0.322438
0.388811
0.389056
0.389108
0.389155
0.389202
0.389249
0.389294
0.438948
0.438949
0.438952
0.438953
0.43903
0.439032
0.439087

0.214216
0.214242
0.214247
0.214264
0.214329
0.214414
0.214499
0.21458
0.242692
0.242698
0.2427
0.242703
0.242826
0.243113
0.243191
0.243327
0.243413
0.243504
0.243565
0.243597

0.177743
0.17781
0.177903
0.177906
0.17791
0.177913
0.177951
0.178
0.178076
0.178118
0.178162
0.178204
0.178246
0.178291
0.178333
0.178377
0.211117
0.211118
0.211119
0.211123

0.222787
0.222791
0.222796
0.222797
0.222863
0.222912
0.222955
0.223
0.22304
0.223079
0.223119
0.22316
0.223199
0.254936
0.254941
0.254952
0.254954
0.254991
0.255043
0.255099

0.289015
0.289031
0.289033
0.289034
0.289092
0.289133
0.322263
0.32227
0.322272
0.322274
0.322321
0.322382
0.322422
0.322462
0.322504
0.322624
0.32267
0.322713
0.322753
0.322809

0.209677
0.20968
0.209684
0.209685
0.209736
0.209775
0.20981
0.209847
0.209882
0.209918
0.209956
0.209991
0.256921
0.25693
0.256939
0.25694
0.256975
0.256987
0.257028
0.257148

0.342045
0.342146
0.34222
0.342284
0.342343
0.424151
0.424163
0.424165
0.424166
0.424221
0.424357
0.424409
0.424458
0.473729
0.473731
0.473733
0.473738
0.473861
0.475693
0.475818

0.225421
0.225424
0.22543
0.225431
0.225477
0.225533
0.225569
0.250365
0.25037
0.250372
0.250377
0.250431
0.250503
0.250561
0.250625
0.250783
0.250843
0.250901
0.250957
0.251093

0.212261
0.212272
0.21228
0.338251
0.338252
0.338253
0.338255
0.338311
0.338312
0.338314
0.338365
0.338379
0.338426
0.338432
0.338479
0.338529
0.338574
0.338818
0.339475
0.339571

