0.463732
0.51462
0.514622
0.514632
0.514712
0.514716
0.514776
0.514792
0.514846
0.514851
0.514863
0.514898
0.514922
0.514934
0.514944
0.515006
0.515071
0.51508
0.515088
0.51515
0.515207
0.515232
0.515274
0.515295
0.515303
0.515377
0.515422
0.515525
0.515758
0.51585
0.667674
0.757548
0.757549
0.75755
0.757552
0.757637
0.757638
0.7577
0.757701
0.757758
0.75776
0.757819
0.757822
0.757878
0.75788
0.757959
0.757963
0.760078
0.760193
0.761146
0.761209
0.761264
0.761315
0.761361
0.761409
0.761455
0.761505
0.761559
0.761961
0.762043

0.410696
0.466414
0.466416
0.466454
0.466503
0.466526
0.466594
0.466623
0.466654
0.466675
0.466698
0.46674
0.466787
0.46686
0.466929
0.466994
0.467059
0.467123
0.467144
0.467164
0.467251
0.467371
0.46749
0.467603
0.467653
0.467694
0.467748
0.467851
0.467978
0.468108
0.680532
0.755948
0.755949
0.75595
0.755952
0.756074
0.756193
0.756445
0.756557
0.756559
0.756614
0.756663
0.756712
0.756723
0.756838
0.756894
0.756944
0.756991
0.757041
0.757087
0.757159
0.757459
0.757945
0.758895
0.759461
0.759528
0.759585
0.760443
0.7611
0.761162

0.448808
0.448899
0.448959
0.54841
0.548452
0.548946
0.549076
0.549175
0.549244
0.549307
0.549367
0.549421
0.549475
0.549802
0.55017
0.550533
0.550594
0.550651
0.550718
0.551139
0.551194
0.551262
0.551322
0.551379
0.551429
0.551504
0.551571
0.551644
0.55173
0.551784
0.684956
0.689628
0.689628
0.780582
0.780586
0.780588
0.780589
0.780648
0.780654
0.780702
0.780705
0.78072
0.780781
0.780831
0.780878
0.78094
0.780997
0.781046
0.781097
0.781981
0.783557
0.784116
0.784179
0.78423
0.78428
0.784702
0.785077
0.785447
0.785508
0.785565

0.385563
0.385564
0.385598
0.385658
0.385701
0.385806
0.387639
0.387655
0.387667
0.495698
0.4957
0.495701
0.49577
0.495771
0.495817
0.495893
0.4959
0.495987
0.496029
0.496795
0.496818
0.496871
0.497189
0.497233
0.497429
0.497484
0.49753
0.497603
0.497696
0.497715
0.663446
0.663447
0.663448
0.663528
0.663549
0.663563
0.663645
0.665084
0.665133
0.707345
0.707347
0.707348
0.70735
0.707414
0.707417
0.707418
0.70747
0.707479
0.707847
0.707908
0.707959
0.708009
0.708061
0.708106
0.708221
0.708773
0.711407
0.711515
0.712705
0.712772

0.374475
0.374547
0.375664
0.375675
0.469239
0.46924
0.469241
0.46927
0.469362
0.469456
0.469485
0.469511
0.469599
0.469634
0.469668
0.469679
0.469722
0.469785
0.469824
0.46988
0.469917
0.469938
0.470337
0.470394
0.470444
0.470808
0.470875
0.470996
0.471091
0.471199
0.627475
0.627476
0.627565
0.630425
0.696727
0.696728
0.696729
0.696844
0.696866
0.696968
0.697087
0.697285
0.697533
0.697831
0.69788
0.697895
0.697997
0.698064
0.698804
0.699085
0.699215
0.699896
0.699956
0.699972
0.700201
0.701016
0.701053
0.701997
0.702182
0.704674

0.538371
0.538373
0.538408
0.538486
0.538565
0.538629
0.538671
0.538715
0.538769
0.538823
0.538867
0.679987
0.679989
0.67999
0.681169
0.681261
0.681322
0.681378
0.681439
0.681491
0.681538
0.681585
0.68164
0.681688
0.681741
0.681796
0.681841
0.681885
0.681928
0.681973
0.822796
0.822799
0.822862
0.824144
0.824176
0.824211
0.824271
0.824304
0.824368
0.824369
0.824421
0.867668
0.867669
0.867672
0.867677
0.867736
0.867743
0.867785
0.867808
0.86784
0.868033
0.868095
0.86836
0.868417
0.86847
0.868523
0.870687
0.87122
0.87128
0.871331

0.402191
0.443159
0.443168
0.443171
0.443173
0.443245
0.443259
0.443302
0.443338
0.443406
0.443487
0.443553
0.443601
0.443649
0.443701
0.443789
0.443879
0.443939
0.443996
0.44463
0.444696
0.444787
0.444849
0.445334
0.445795
0.445809
0.445867
0.445922
0.4463
0.446357
0.634497
0.740553
0.740559
0.74056
0.740562
0.740625
0.740627
0.740628
0.740682
0.740684
0.740737
0.740741
0.740793
0.740849
0.740901
0.74095
0.740998
0.741044
0.741087
0.741105
0.741161
0.741212
0.741267
0.741305
0.741321
0.741361
0.741412
0.742446
0.744393
0.745014

0.536793
0.536794
0.536796
0.536879
0.536925
0.536963
0.536985
0.537032
0.537097
0.538192
0.538196
0.538295
0.673377
0.673378
0.673379
0.673462
0.673467
0.673493
0.673572
0.673583
0.673668
0.674663
0.674692
0.674803
0.675278
0.675775
0.675846
0.675908
0.675972
0.676036
0.813651
0.813651
0.813653
0.813721
0.813729
0.81379
0.813825
0.813858
0.813865
0.813925
0.814338
0.81573
0.87697
0.876971
0.876975
0.876999
0.877038
0.877122
0.877175
0.877566
0.877638
0.878019
0.878389
0.878408
0.878459
0.896903
0.897036
0.897043
0.897045
0.897105

0.352992
0.41468
0.414685
0.414696
0.414698
0.414775
0.414782
0.414786
0.414842
0.414871
0.414902
0.414918
0.414967
0.414968
0.41499
0.415027
0.415039
0.41506
0.4151
0.415133
0.415168
0.415185
0.415245
0.415262
0.415321
0.415326
0.415383
0.415392
0.415476
0.415572
0.570216
0.676305
0.676314
0.676315
0.676317
0.6764
0.676406
0.676409
0.676466
0.67648
0.676482
0.67653
0.676549
0.67655
0.676592
0.676616
0.676619
0.676659
0.676681
0.676698
0.676719
0.676761
0.676773
0.676783
0.676831
0.676851
0.676852
0.677761
0.678264
0.678783

0.342413
0.342413
0.34501
0.345031
0.345038
0.457824
0.457862
0.457868
0.457901
0.458033
0.45847
0.458545
0.459132
0.459227
0.459287
0.459348
0.459417
0.45947
0.459517
0.459567
0.459612
0.459659
0.459708
0.459775
0.459779
0.459833
0.459847
0.460277
0.460335
0.460802
0.609281
0.609282
0.610899
0.610952
0.611009
0.653901
0.653902
0.653904
0.653905
0.653981
0.653996
0.654045
0.654061
0.654122
0.654133
0.654178
0.654184
0.654236
0.65427
0.654304
0.654338
0.654371
0.654399
0.654439
0.654459
0.65451
0.65457
0.654633
0.654685
0.654736

0.590472
0.590477
0.59058
0.590649
0.590675
0.737862
0.737862
0.737864
0.73793
0.737951
0.738207
0.738545
0.738983
0.739016
0.73902
0.739093
0.739394
0.739452
0.739515
0.739562
0.739688
0.739735
0.739759
0.739812
0.739863
0.739911
0.739963
0.74001
0.740057
0.740276
0.913955
0.913965
0.915517
0.91557
0.915573
0.958155
0.958156
0.958157
0.958166
0.958252
0.958256
0.958269
0.958321
0.958334
0.958335
0.958394
0.958455
0.958515
0.95857
0.958625
0.958688
0.958744
0.958802
0.959426
0.959498
0.959561
0.95962
0.959683
0.960207
0.960278

0.352135
0.408357
0.408358
0.40836
0.40838
0.408448
0.40845
0.408488
0.408511
0.408514
0.408536
0.40857
0.408571
0.408589
0.408627
0.408652
0.408708
0.408728
0.408781
0.408837
0.409196
0.4092
0.409226
0.409301
0.409618
0.409682
0.409768
0.409983
0.410254
0.410493
0.577842
0.638557
0.638558
0.63856
0.638561
0.638637
0.63864
0.638641
0.638696
0.638697
0.638702
0.638752
0.638753
0.638757
0.638805
0.638815
0.638816
0.638858
0.638871
0.638874
0.638909
0.638924
0.638928
0.638963
0.638976
0.638979
0.639025
0.639052
0.639112
0.639711

0.358089
0.35809
0.358091
0.35818
0.358257
0.491263
0.491366
0.491514
0.4916
0.491761
0.491829
0.491887
0.491926
0.491932
0.491988
0.492038
0.492049
0.492093
0.492141
0.492188
0.49224
0.492287
0.492332
0.492368
0.49242
0.492472
0.492526
0.492588
0.492602
0.492728
0.665005
0.665006
0.6685
0.668517
0.668543
0.786142
0.786143
0.786144
0.786146
0.786213
0.786216
0.786219
0.786268
0.786273
0.786275
0.786325
0.786333
0.78634
0.786381
0.786395
0.786439
0.786447
0.78649
0.786505
0.786557
0.787569
0.787994
0.788369
0.788698
0.788761

0.369081
0.434453
0.434454
0.434456
0.434504
0.434535
0.434612
0.434672
0.43473
0.434783
0.434834
0.434888
0.434962
0.434965
0.435023
0.435082
0.435312
0.435314
0.435362
0.437876
0.43826
0.438551
0.438883
0.439219
0.439799
0.440185
0.440246
0.440322
0.440673
0.441059
0.60752
0.699287
0.699288
0.69929
0.699291
0.69935
0.699351
0.699403
0.699767
0.699841
0.699898
0.699944
0.699989
0.700031
0.70008
0.700787
0.701004
0.701338
0.701403
0.701532
0.701588
0.701626
0.701685
0.70314
0.703575
0.705115
0.705147
0.705185
0.70637
0.70643

0.309793
0.359163
0.359166
0.359167
0.359276
0.359361
0.359411
0.359445
0.359453
0.359518
0.359607
0.359671
0.359726
0.359867
0.359922
0.360045
0.360099
0.36016
0.360217
0.360276
0.360303
0.360376
0.360711
0.360815
0.360919
0.36102
0.361118
0.361217
0.361255
0.361382
0.524705
0.605998
0.605999
0.606
0.606002
0.606072
0.606075
0.606127
0.60613
0.606185
0.606186
0.606238
0.606241
0.606293
0.606294
0.606345
0.606394
0.606449
0.612573
0.612652
0.612714
0.612828
0.612883
0.612939
0.612989
0.61304
0.613086
0.613129
0.613177
0.613224

0.463024
0.532532
0.532533
0.532539
0.532545
0.532614
0.532627
0.532631
0.532685
0.532701
0.532743
0.532767
0.532789
0.53283
0.532831
0.532886
0.532893
0.532946
0.533017
0.533082
0.53314
0.5332
0.533234
0.533247
0.533315
0.533373
0.53376
0.534111
0.534165
0.534474
0.72701
0.800104
0.800104
0.800106
0.800107
0.800185
0.800186
0.80024
0.800244
0.800294
0.800297
0.800351
0.800352
0.800402
0.800404
0.80045
0.800455
0.800494
0.800544
0.800716
0.800772
0.800819
0.801423
0.801478
0.801626
0.801973
0.802041
0.802214
0.802265
0.803245

0.386657
0.386667
0.453033
0.453056
0.453065
0.453115
0.453174
0.453222
0.453258
0.453314
0.453337
0.453385
0.453387
0.453451
0.453475
0.453505
0.453524
0.453571
0.453676
0.45388
0.453905
0.453978
0.453986
0.454082
0.454161
0.454232
0.45432
0.454368
0.454405
0.454517
0.602924
0.602928
0.681565
0.681566
0.681567
0.681569
0.681629
0.681675
0.681677
0.681744
0.681746
0.681754
0.681815
0.68183
0.681885
0.681899
0.682354
0.682435
0.682445
0.682775
0.682851
0.683523
0.683599
0.683666
0.683728
0.686125
0.686215
0.689018
0.689777
0.690422

0.491929
0.49193
0.491997
0.492031
0.492075
0.492102
0.492133
0.586991
0.586992
0.587081
0.587109
0.587155
0.587221
0.587278
0.587367
0.587571
0.587702
0.587993
0.587998
0.588086
0.588105
0.588136
0.588158
0.588184
0.588238
0.588287
0.588333
0.588382
0.588423
0.589901
0.764502
0.764526
0.764684
0.766355
0.76637
0.766392
0.766428
0.821479
0.821482
0.821483
0.821484
0.821545
0.821563
0.821613
0.821627
0.821675
0.821685
0.821733
0.821739
0.821787
0.821966
0.822022
0.822614
0.822675
0.82397
0.824029
0.824082
0.824134
0.824194
0.824203

0.343848
0.382725
0.382726
0.382764
0.382836
0.382945
0.382996
0.383031
0.383059
0.383084
0.383155
0.383213
0.383274
0.383326
0.383458
0.383509
0.383619
0.383665
0.383716
0.383765
0.383814
0.383863
0.383912
0.383939
0.383995
0.384047
0.384098
0.384146
0.384196
0.384273
0.533297
0.615984
0.615986
0.615988
0.615992
0.616101
0.616105
0.616191
0.616195
0.61628
0.616284
0.616364
0.616377
0.616452
0.616456
0.61653
0.616544
0.61662
0.616627
0.61703
0.621043
0.621181
0.621911
0.622009
0.622151
0.623193
0.623914
0.624997
0.625337
0.628698

0.337448
0.337449
0.337464
0.337545
0.337583
0.33765
0.337749
0.337806
0.337878
0.33794
0.338
0.338059
0.338124
0.338157
0.338268
0.460898
0.4609
0.46092
0.461008
0.46108
0.461165
0.461237
0.461302
0.461367
0.461449
0.461507
0.462561
0.463198
0.463437
0.463486
0.594779
0.59478
0.594782
0.594825
0.594862
0.595049
0.59543
0.595829
0.595894
0.596137
0.596188
0.596749
0.597298
0.597568
0.597735
0.639269
0.639278
0.63928
0.639281
0.639341
0.639346
0.63941
0.63946
0.639901
0.639903
0.640477
0.640535
0.640587
0.640635
0.640683

