0.093243

0.309657
0.309658
0.309658
0.30966
0.309732
0.309784
0.309822
0.309858
0.309896
0.309931
0.309976
0.310014
0.310032
0.31008
0.310121
0.310158
0.310196
0.310235
0.310274
0.310311

0.339674
0.339676
0.339682
0.339746
0.339747
0.339748
0.339831
0.339832
0.3399
0.339958
0.339996
0.340032
0.340072
0.34011
0.340146
0.340186
0.340223
0.340264
0.3403
0.377817

0.29619
0.418345
0.418409
0.418467
0.418512
0.418559
0.418602
0.418643
0.418689
0.418792
0.41923
0.419275
0.419299
0.419321
0.421066
0.421127
0.421186
0.421236
0.462543
0.462547

0.258406
0.258411
0.25848
0.258528
0.258571
0.359138
0.35918
0.359261
0.359318
0.359369
0.359417
0.35946
0.359505
0.360163
0.361492
0.361731
0.361784
0.362251
0.402177
0.402184

0.304927
0.391182
0.391183
0.391185
0.391196
0.391261
0.391266
0.391342
0.391389
0.391441
0.39149
0.391541
0.391541
0.391591
0.391595
0.391639
0.391807
0.391851
0.39202
0.433153

0.301269
0.301277
0.37957
0.379576
0.379578
0.379579
0.379645
0.379699
0.379752
0.379805
0.379852
0.379901
0.379944
0.379995
0.380117
0.380164
0.380212
0.380255
0.43283
0.432835

0.385834
0.38586
0.385922
0.385944
0.386019
0.386091
0.386137
0.386174
0.386214
0.386252
0.386291
0.386329
0.386367
0.386403
0.38644
0.386478
0.386516
0.386555
0.418149
0.418152

0.278578
0.278579
0.278681
0.278735
0.415691
0.415692
0.415693
0.415731
0.415797
0.416273
0.416346
0.416407
0.416468
0.416586
0.416606
0.417076
0.417145
0.418089
0.457873
0.457883

0.355568
0.35557
0.355572
0.355576
0.355688
0.355697
0.355778
0.355864
0.35594
0.356023
0.356119
0.356197
0.356276
0.356349
0.35643
0.356511
0.356545
0.356608
0.356633
0.356717

0.292794
0.292863
0.296513
0.384331
0.384414
0.384482
0.384549
0.385215
0.385334
0.38539
0.385438
0.38549
0.385541
0.386104
0.386173
0.386243
0.386299
0.428207
0.428208
0.428211

0.340711
0.340712
0.340726
0.340798
0.340799
0.34085
0.340903
0.340945
0.340987
0.341029
0.341071
0.341115
0.341158
0.341199
0.341241
0.341284
0.341326
0.341382
0.341451
0.390758

0.361353
0.361354
0.361356
0.361357
0.361425
0.361427
0.361498
0.361498
0.361567
0.361616
0.361656
0.361694
0.361736
0.361776
0.361821
0.361863
0.361902
0.361941
0.361981
0.431316

0.280753
0.400198
0.400204
0.400205
0.400206
0.400255
0.400301
0.400348
0.400394
0.400437
0.400483
0.400526
0.400569
0.400615
0.400657
0.400703
0.400747
0.4011
0.477326
0.519292

0.355933
0.355934
0.355935
0.355937
0.356007
0.356009
0.356059
0.356117
0.356159
0.356199
0.356239
0.356281
0.356296
0.356344
0.356389
0.356433
0.356475
0.35652
0.356561
0.3566

0.291107
0.376804
0.376856
0.376901
0.376948
0.376989
0.377032
0.377073
0.377115
0.377155
0.377196
0.377238
0.377276
0.377326
0.377657
0.377667
0.377674
0.377712
0.421724
0.42173

0.310171
0.310172
0.310174
0.310182
0.310253
0.310254
0.31027
0.310272
0.310301
0.310373
0.310411
0.310451
0.31049
0.310538
0.310583
0.310621
0.310667
0.310707
0.310746
0.342449

0.301868
0.301875
0.301877
0.301878
0.388412
0.38844
0.388501
0.389312
0.389313
0.389317
0.389326
0.389366
0.389374
0.389409
0.389414
0.389447
0.389455
0.389488
0.439031
0.439032

0.299118
0.299119
0.299214
0.359186
0.359187
0.359189
0.35919
0.359243
0.359246
0.359248
0.359309
0.359437
0.359482
0.359645
0.359698
0.35981
0.359862
0.359959
0.41222
0.412223

0.256321
0.256327
0.333396
0.333422
0.333493
0.333538
0.333581
0.333625
0.333667
0.333791
0.334314
0.334323
0.334324
0.334363
0.334416
0.334531
0.334581
0.334627
0.379988
0.379991

