31.3902
32.8915
32.8916
-------------------------------

31.1277
32.303
33.7449
-------------------------------

31.7105
34.6525
34.6526
-------------------------------

32.1362
32.7116
33.8033
-------------------------------

32.4286
32.6649
33.3443
-------------------------------

30.2868
32.8624
33.2783
-------------------------------

31.3148
33.9484
34.0804
-------------------------------

32.595
32.8903
33.9696
-------------------------------

30.3865
32.145
33.1202
-------------------------------

33.3062
35.7318
35.7318
-------------------------------

32.7616
32.9275
33.9947
-------------------------------

33.9997
34.257
35.3078
-------------------------------

33.2041
34.0449
34.0734
-------------------------------

33.2199
33.8337
34.719
-------------------------------

33.2366
33.87
34.6524
-------------------------------

30.8928
33.1848
33.1849
-------------------------------

33.1601
33.334
34.5022
-------------------------------

34.2109
35.6031
35.624
-------------------------------

33.2476
34.0032
34.8853
-------------------------------

32.51
33.1868
34.5356
-------------------------------

