0.18048
0.180551
0.18061
0.180658
0.180701
0.247299
0.2473
0.247326
0.24738
0.247407
0.336112
0.336134
0.337008
0.33707
0.337121
0.381944
0.381951
0.381958
0.381961
0.382019

0.206635
0.206635
0.206638
0.206672
0.206716
0.206801
0.206846
0.206907
0.20697
0.207037
0.331998
0.332001
0.376574
0.376576
0.376577
0.376583
0.376638
0.376642
0.376694
0.376697

0.177528
0.177538
0.220495
0.220512
0.220516
0.220524
0.220571
0.220814
0.220949
0.221004
0.314904
0.315803
0.353297
0.353298
0.353304
0.353305
0.353513
0.353921
0.353964
0.354021

0.162306
0.162366
0.162742
0.162747
0.162755
0.162758
0.162804
0.246608
0.246608
0.246633
0.313179
0.313191
0.313193
0.313194
0.313272
0.314681
0.314741
0.347926
0.34794
0.347947

0.1649
0.164907
0.164909
0.164915
0.164979
0.165026
0.165067
0.233669
0.233757
0.233827
0.330428
0.330434
0.330437
0.330441
0.330497
0.331087
0.331133
0.409534
0.409539
0.40954

0.17585
0.175888
0.175893
0.175908
0.176014
0.176091
0.176168
0.244183
0.245475
0.247252
0.303642
0.303644
0.303654
0.303669
0.303705
0.303709
0.304936
0.353275
0.353283
0.353284

0.167544
0.167545
0.27255
0.272551
0.272569
0.272571
0.272631
0.273643
0.273728
0.273792
0.358461
0.35847
0.404406
0.404409
0.404416
0.404416
0.40447
0.404527
0.404581
0.404628

0.23046
0.230464
0.230474
0.334024
0.334025
0.334027
0.334032
0.334081
0.334157
0.334228
0.475514
0.475514
0.475523
0.533716
0.533717
0.533717
0.53372
0.534825
0.534886
0.535465

0.208328
0.208329
0.208425
0.293732
0.293733
0.293774
0.293824
0.294005
0.294009
0.294012
0.361975
0.361976
0.361981
0.403395
0.403396
0.403402
0.403403
0.403831
0.404689
0.404787

0.20761
0.207616
0.207619
0.207621
0.27483
0.274882
0.275448
0.275494
0.275538
0.275582
0.347465
0.347503
0.34758
0.348887
0.381586
0.381587
0.381588
0.38159
0.381665
0.381676

0.165588
0.165614
0.166138
0.166146
0.16615
0.166163
0.166187
0.274762
0.274775
0.274802
0.359033
0.35912
0.359178
0.36004
0.360042
0.360525
0.360661
0.409462
0.409463
0.409469

0.179938
0.17995
0.179951
0.179957
0.23152
0.231521
0.231531
0.231542
0.231656
0.231705
0.323327
0.323331
0.32422
0.324725
0.362845
0.362847
0.362853
0.362855
0.362905
0.362917

0.148988
0.148997
0.148999
0.149005
0.149052
0.149096
0.149136
0.216144
0.21617
0.216252
0.303913
0.303914
0.303916
0.303935
0.303981
0.30407
0.304128
0.350781
0.350788
0.35079

0.154998
0.155009
0.213966
0.213973
0.213976
0.21398
0.214028
0.21403
0.214074
0.214119
0.278613
0.278614
0.32117
0.32117
0.321176
0.321177
0.321465
0.321515
0.321836
0.322041

0.15025
0.195363
0.19545
0.195558
0.195568
0.19558
0.195586
0.195603
0.195612
0.195739
0.296588
0.338321
0.338325
0.338328
0.33833
0.338788
0.338849
0.338905
0.338955
0.339002

0.181969
0.181983
0.231813
0.23182
0.231822
0.231823
0.231865
0.231872
0.231915
0.231956
0.341749
0.34176
0.384035
0.384037
0.384041
0.384041
0.384101
0.384112
0.38416
0.384163

0.180402
0.180409
0.180409
0.180413
0.180464
0.180508
0.244589
0.244605
0.244628
0.244701
0.30321
0.303212
0.303253
0.303373
0.304053
0.304279
0.345446
0.345447
0.345449
0.345526

0.237301
0.237305
0.237313
0.295903
0.295912
0.295914
0.295919
0.295952
0.296072
0.296117
0.388588
0.38859
0.388594
0.43025
0.430251
0.430252
0.430257
0.430311
0.430319
0.430375

0.208198
0.208242
0.208875
0.274261
0.274263
0.274265
0.274374
0.274619
0.274643
0.274645
0.408099
0.408101
0.408193
0.458931
0.458932
0.458938
0.458941
0.458992
0.459065
0.459115

0.167035
0.167039
0.167045
0.222705
0.222713
0.222714
0.222715
0.222762
0.222815
0.222867
0.29353
0.29353
0.293561
0.344389
0.34439
0.344394
0.344395
0.344556
0.34495
0.345103

