0.010368
0.019394
0.116958
0.133396
0.142951
0.155098
0.166026
0.172153
0.179858
0.18922
0.202149
0.20215
0.223126
0.234051
0.235417
0.258974
0.539382
0.794883
0.820098
0.831382
0.841259
0.887003
0.888575
0.898478
0.913582
0.913795
0.960939
0.961364
0.984608
0.986652
0.987319
0.998025
1.00858
1.00865
1.05547
1.06691
1.08716
1.11422
1.11424
1.14059
1.1406
1.1407
1.14403
1.14643
1.14644
1.1466
1.15975
1.15976
1.15978
1.16695
1.17426
1.1843
1.19268
1.20223
1.21829
1.21829
1.23551
1.23551
1.23551
1.23962

0.016634
0.01737
0.035733
0.03767
0.053659
0.054517
0.06639
0.085705
0.097392
0.129276
0.136931
0.140752
0.195731
0.205286
0.219402
0.233458
0.233459
0.257679
0.261996
0.295072
0.31867
0.318819
0.33005
0.339485
0.346657
0.352836
0.373014
0.373121
0.395773
0.403452
0.418257
0.43065
0.431507
0.446617
0.453984
0.461735
0.473904
0.490944
0.491909
0.508987
0.509086
0.520373
0.528553
0.535921
0.541113
0.541117
0.549902
0.562923
0.56621
0.581264
0.587604
0.587702
0.59395
0.601071
0.61118
0.619108
0.626591
0.636295
0.646445
0.646462

0.013174
0.018349
0.02841
0.049185
0.06139
0.107012
0.135683
0.176687
0.194809
0.201405
0.277373
0.277722
0.284645
0.287384
0.304961
0.305073
0.343078
0.356929
0.373791
0.415053
0.421036
0.428675
0.437836
0.438325
0.442162
0.458766
0.459814
0.459914
0.467997
0.474004
0.474308
0.489341
0.511667
0.511986
0.542841
0.54494
0.546079
0.554868
0.557122
0.568763
0.573688
0.574066
0.589639
0.58974
0.607139
0.607247
0.609224
0.615776
0.633763
0.633765
0.648214
0.649176
0.652593
0.653453
0.660535
0.673997
0.685066
0.685176
0.68619
0.686872

0.018806
0.020098
0.025414
0.045914
0.046399
0.077839
0.103621
0.126317
0.126427
0.129254
0.130208
0.134616
0.136192
0.211959
0.211961
0.212284
0.224847
0.224848
0.231117
0.2924
0.292418
0.30509
0.310146
0.323031
0.330007
0.339253
0.342892
0.487164
0.496173
0.508824
0.523021
0.524499
0.53529
0.550264
0.577866
0.601186
0.61822
0.643596
0.645426
0.705525
0.715581
0.717138
0.73315
0.745335
0.752817
0.761087
0.777826
0.798044
0.798073
0.80938
0.810984
0.827849
0.827965
0.841822
0.846738
0.857207
0.859463
0.876224
0.877505
0.877609

0.010069
0.019257
0.026482
0.037006
0.096984
0.096985
0.129364
0.158113
0.173919
0.174025
0.181041
0.197974
0.246501
0.256729
0.25673
0.260366
0.327634
0.334585
0.347829
0.355331
0.37056
0.370712
0.377261
0.393782
0.393968
0.409533
0.455366
0.458034
0.500346
0.5004
0.512379
0.51249
0.512625
0.516177
0.516264
0.528175
0.528428
0.548151
0.562706
0.56315
0.582948
0.587899
0.589181
0.599513
0.608767
0.610307
0.638296
0.642924
0.647885
0.647889
0.648028
0.650517
0.657904
0.671038
0.676151
0.676153
0.686715
0.690613
0.701403
0.701404

0.012101
0.053852
0.073173
0.073792
0.117148
0.133559
0.137317
0.147144
0.156538
0.183078
0.194053
0.216171
0.217673
0.228448
0.250106
0.285395
0.3007
0.309001
0.317735
0.32857
0.429059
0.43861
0.470729
0.502707
0.512837
0.524325
0.531082
0.606398
0.613424
0.614187
0.627922
0.629805
0.643072
0.649904
0.655031
0.663158
0.669051
0.703987
0.721738
0.723812
0.74325
0.748722
0.765771
0.766119
0.766216
0.776813
0.783151
0.797125
0.801059
0.80106
0.801091
0.801197
0.803652
0.813683
0.830869
0.830874
0.833159
0.841424
0.85707
0.857074

0.00969
0.037578
0.051682
0.052913
0.069445
0.083644
0.08369
0.094208
0.133677
0.143356
0.152261
0.211533
0.264033
0.272886
0.290675
0.290676
0.299201
0.472409
0.503032
0.503682
0.51306
0.524165
0.540664
0.546492
0.55933
0.601747
0.606201
0.621588
0.622372
0.629839
0.645685
0.651096
0.655423
0.672851
0.682737
0.692094
0.721301
0.721597
0.722469
0.736994
0.742754
0.742929
0.750719
0.765799
0.78617
0.79954
0.80001
0.800807
0.82566
0.826347
0.83822
0.838221
0.846792
0.856248
0.873534
0.885084
0.885182
0.886071
0.886116
0.886414

0.011244
0.021934
0.087538
0.113301
0.114937
0.127562
0.139421
0.147885
0.16128
0.163544
0.170408
0.18577
0.187171
0.203701
0.214553
0.246006
0.254651
0.282959
0.283079
0.294472
0.350307
0.372158
0.439935
0.465735
0.560016
0.571468
0.586027
0.603848
0.606672
0.620047
0.62568
0.632789
0.640885
0.683174
0.697349
0.69735
0.709684
0.741288
0.743354
0.753368
0.753369
0.753418
0.756947
0.756966
0.756997
0.757081
0.834191
0.846923
0.866285
0.877329
0.879027
0.87926
0.903688
0.931193
0.940519
0.94052
0.958414
0.958481
0.962316
0.964373

0.01118
0.039971
0.04978
0.059988
0.070997
0.081038
0.08326
0.09597
0.100578
0.162377
0.278193
0.378778
0.39176
0.41262
0.497808
0.568342
0.582604
0.596503
0.608973
0.665555
0.672561
0.684286
0.694397
0.700753
0.709491
0.720164
0.720299
0.75115
0.763279
0.777289
0.790459
0.804907
0.805298
0.829285
0.84144
0.857319
0.875636
0.878401
0.888017
0.914271
0.922307
0.922457
0.929435
0.954708
0.954709
0.969981
0.977244
0.978791
1.00184
1.00185
1.01014
1.01014
1.01127
1.01255
1.03439
1.03441
1.0345
1.03963
1.05199
1.05227

0.014462
0.017336
0.025029
0.126787
0.128693
0.135987
0.148889
0.165291
0.177839
0.178208
0.217226
0.219059
0.219746
0.235256
0.253087
0.260756
0.289284
0.30565
0.306354
0.307732
0.336513
0.348408
0.362765
0.372093
0.372195
0.391633
0.416263
0.417452
0.425039
0.429933
0.432066
0.449038
0.465441
0.469642
0.469877
0.480144
0.505363
0.526849
0.542603
0.545372
0.555641
0.562037
0.573341
0.576272
0.576555
0.587597
0.589712
0.592676
0.603811
0.621711
0.62993
0.630023
0.661086
0.661525
0.671192
0.678858
0.688108
0.688203
0.696515
0.696515

