0.504315
0.599325
0.599333
0.599334
0.599351
0.599392
0.599396
0.599408
0.599445
0.599462
0.5995
0.599515
0.599546
0.599551
0.599568
0.599599
0.599615
0.599733
0.599745
0.599769
0.599785
0.599821
0.599836
0.599871
0.599874
0.599884
0.599918
0.599929
0.599997
0.60004
0.600072
0.600113
0.600189
0.600254
0.600265
0.600332
0.600391
0.600405
0.600468
0.600628
0.600636
0.600661
0.600684
0.600754
0.600782
0.600799
0.600846
0.600871
0.60093
0.600973
0.601148
0.601191
0.601224
0.601632
0.601707
0.672976
0.672977
0.672979
0.673058
0.712601

0.593977
0.59398
0.594038
0.59909
0.599129
0.681883
0.681885
0.681886
0.681928
0.681969
0.681975
0.682012
0.68205
0.682086
0.682117
0.68212
0.68218
0.682188
0.682217
0.682257
0.682314
0.682331
0.682387
0.682407
0.682455
0.682483
0.682505
0.682526
0.682553
0.68259
0.682661
0.68273
0.682799
0.682859
0.682923
0.682987
0.68301
0.683051
0.683094
0.683121
0.683165
0.683206
0.683238
0.683803
0.683904
0.684053
0.684612
0.685154
0.685229
0.685758
0.685834
0.685903
0.685975
0.686043
0.686111
0.687305
0.688402
0.688474
0.692161
0.725301

0.551786
0.551787
0.551788
0.551814
0.551856
0.551858
0.55188
0.551883
0.55191
0.551922
0.551941
0.551942
0.551956
0.551979
0.551988
0.552037
0.552066
0.552623
0.552641
0.552646
0.552651
0.606572
0.606573
0.606575
0.606651
0.606713
0.606728
0.606808
0.606859
0.608024
0.608034
0.608088
0.608136
0.608167
0.608182
0.608222
0.608268
0.608316
0.608359
0.608406
0.608449
0.608459
0.60849
0.608531
0.608566
0.608572
0.608616
0.60868
0.609002
0.609053
0.609101
0.609558
0.60963
0.609987
0.610038
0.610086
0.610213
0.610771
0.614006
0.654343

0.557201
0.557209
0.557214
0.55726
0.55731
0.557347
0.557349
0.557443
0.557485
0.557551
0.557559
0.557571
0.557625
0.557631
0.557654
0.55769
0.557701
0.557723
0.5578
0.557828
0.616056
0.616128
0.616683
0.616839
0.616973
0.617644
0.617671
0.6177
0.617791
0.618166
0.6183
0.618418
0.618529
0.618642
0.618754
0.618946
0.619918
0.620035
0.620375
0.620982
0.621093
0.621188
0.621279
0.621365
0.62146
0.621553
0.621639
0.622561
0.622669
0.622779
0.622877
0.622975
0.62307
0.623166
0.623543
0.624764
0.626572
0.627504
0.627747
0.659843

0.590962
0.590965
0.591043
0.591056
0.591111
0.591407
0.591415
0.591446
0.591473
0.591474
0.664889
0.664911
0.664973
0.664978
0.665005
0.665018
0.665741
0.665745
0.665826
0.665898
0.665987
0.66655
0.666623
0.666687
0.666779
0.666861
0.666934
0.667
0.667066
0.667131
0.667195
0.667255
0.667281
0.667316
0.667382
0.667916
0.667944
0.667986
0.668052
0.668118
0.668187
0.668252
0.668573
0.668641
0.669285
0.669816
0.669896
0.669967
0.670031
0.67009
0.670159
0.674229
0.674303
0.674424
0.674485
0.681778
0.68245
0.707673
0.707686
0.70769

0.589806
0.589808
0.589809
0.589871
0.589874
0.589877
0.589896
0.589952
0.591304
0.591305
0.591314
0.69953
0.699531
0.699533
0.699623
0.699626
0.699632
0.699659
0.699705
0.699768
0.700606
0.700675
0.700744
0.70115
0.701199
0.701216
0.701652
0.701861
0.70212
0.702419
0.702486
0.702546
0.702606
0.702673
0.702698
0.702731
0.702769
0.702789
0.702826
0.702844
0.702902
0.70296
0.703018
0.703328
0.703392
0.703451
0.703505
0.703559
0.703612
0.703849
0.705321
0.705398
0.705457
0.705515
0.70557
0.734152
0.734153
0.734155
0.734156
0.734237

0.741244
0.741246
0.741281
0.741344
0.822092
0.822095
0.822097
0.8221
0.822251
0.822255
0.822276
0.822395
0.822514
0.822619
0.822723
0.822752
0.822822
0.822872
0.822926
0.82298
0.823027
0.823089
0.823132
0.823459
0.823954
0.824174
0.824253
0.824575
0.824862
0.824886
0.824944
0.824974
0.825021
0.825053
0.825095
0.825168
0.825241
0.82531
0.825386
0.825665
0.825985
0.826069
0.826144
0.826214
0.826288
0.826414
0.827388
0.828965
0.829054
0.83022
0.830304
0.830378
0.832104
0.832856
0.834164
0.834296
0.839484
0.842407
0.845593
0.846242

0.610287
0.610289
0.610297
0.610333
0.610361
0.61038
0.610389
0.610416
0.610433
0.610464
0.610493
0.610508
0.611215
0.611233
0.74677
0.746771
0.746775
0.746887
0.746888
0.74689
0.746964
0.747001
0.747041
0.747797
0.747875
0.747942
0.748005
0.748531
0.748542
0.748604
0.748614
0.748668
0.748682
0.748732
0.748744
0.748803
0.748805
0.748869
0.748925
0.748995
0.749056
0.749118
0.749174
0.749233
0.74951
0.749799
0.749869
0.750618
0.751521
0.754972
0.757084
0.805114
0.805115
0.805118
0.805119
0.80528
0.805289
0.805851
0.805864
0.806272

0.537846
0.537847
0.537848
0.537897
0.537925
0.537926
0.537944
0.537975
0.537981
0.537998
0.538065
0.538066
0.538138
0.539001
0.539008
0.53901
0.539025
0.539049
0.53905
0.53906
0.53907
0.539092
0.5391
0.539117
0.539135
0.621976
0.621976
0.621978
0.622086
0.622457
0.623511
0.623581
0.623625
0.623689
0.623943
0.624283
0.624708
0.625483
0.625935
0.626385
0.626441
0.626797
0.62716
0.627213
0.627261
0.627307
0.627355
0.627397
0.627445
0.627495
0.62754
0.627586
0.627632
0.62768
0.627729
0.627777
0.627822
0.627873
0.627921
0.666483

0.424475
0.507446
0.507447
0.507459
0.507461
0.507514
0.507518
0.507575
0.507576
0.507622
0.507627
0.507672
0.507715
0.50776
0.507812
0.507812
0.507899
0.507947
0.507992
0.508045
0.508086
0.508129
0.50819
0.508238
0.50828
0.508309
0.508393
0.508417
0.50844
0.50847
0.508489
0.508514
0.508535
0.50857
0.508583
0.508624
0.50863
0.508675
0.508681
0.508726
0.508769
0.508817
0.508891
0.508934
0.509067
0.509159
0.509831
0.509879
0.509978
0.510032
0.510781
0.511355
0.511413
0.511465
0.512232
0.515768
0.516374
0.517072
0.517238
0.549339

0.676279
0.676282
0.676285
0.676388
0.676425
0.676452
0.680368
0.680378
0.680468
0.680473
0.680501
0.772199
0.772203
0.772205
0.77231
0.772397
0.772418
0.772502
0.77257
0.772663
0.772844
0.773364
0.773461
0.773511
0.773532
0.773549
0.77359
0.77359
0.773648
0.773655
0.773708
0.773718
0.773764
0.773781
0.773821
0.773878
0.773938
0.773944
0.774003
0.774049
0.774065
0.774131
0.774198
0.774316
0.774378
0.774508
0.774866
0.774873
0.774925
0.775309
0.775364
0.776137
0.776956
0.77702
0.777425
0.778352
0.782038
0.784904
0.786456
0.815046

0.692929
0.69293
0.692938
0.693005
0.693025
0.693041
0.693056
0.693115
0.694908
0.694909
0.694934
0.694951
0.694959
0.694988
0.69501
0.695019
0.695026
0.695037
0.69506
0.695089
0.695112
0.76876
0.768762
0.768763
0.768835
0.768853
0.768891
0.768944
0.768945
0.769
0.769079
0.769131
0.76918
0.769232
0.769239
0.769287
0.769366
0.769449
0.769697
0.769821
0.770297
0.770313
0.770354
0.770365
0.770405
0.77041
0.770448
0.7708
0.771209
0.771239
0.771614
0.772267
0.772778
0.773922
0.773982
0.774069
0.774119
0.77606
0.822029
0.822031

0.424944
0.424944
0.424945
0.42499
0.425013
0.425024
0.425031
0.425064
0.425092
0.425132
0.425143
0.425152
0.425491
0.425492
0.425493
0.425512
0.425533
0.425542
0.425544
0.425575
0.425576
0.425584
0.500214
0.500215
0.500466
0.501678
0.501679
0.501742
0.501836
0.502105
0.502153
0.502191
0.502617
0.502957
0.50301
0.503054
0.503097
0.503142
0.503249
0.503298
0.503345
0.503391
0.503438
0.503483
0.503523
0.503568
0.503618
0.503665
0.503723
0.503776
0.503826
0.503899
0.503918
0.503979
0.504025
0.504073
0.508051
0.545871
0.545874
0.545875

0.534775
0.534776
0.534777
0.534796
0.534861
0.534864
0.534877
0.534881
0.534913
0.534933
0.53494
0.534953
0.534969
0.534992
0.534997
0.535003
0.535048
0.53509
0.535138
0.535179
0.578875
0.578876
0.578877
0.578879
0.578955
0.57901
0.579016
0.579071
0.579126
0.579181
0.57923
0.579281
0.579336
0.579387
0.579436
0.579439
0.579494
0.579506
0.579668
0.579719
0.579741
0.57984
0.580031
0.58007
0.58009
0.580131
0.580145
0.580185
0.580196
0.580241
0.580247
0.580248
0.580291
0.58031
0.580343
0.580368
0.585778
0.5877
0.588991
0.590075

0.525233
0.525233
0.525235
0.525274
0.525303
0.525307
0.525321
0.525351
0.525353
0.525363
0.525423
0.525426
0.525437
0.52549
0.525491
0.525563
0.525577
0.525618
0.525623
0.525824
0.525854
0.638643
0.638644
0.638647
0.638732
0.638734
0.638782
0.638838
0.638849
0.638897
0.638986
0.639039
0.639109
0.639183
0.639584
0.640322
0.640389
0.640467
0.640491
0.640547
0.640575
0.640604
0.640654
0.640705
0.640751
0.6408
0.640848
0.640957
0.64122
0.641314
0.643861
0.643925
0.645135
0.646799
0.647173
0.64829
0.694941
0.694942
0.695008
0.715374

0.665135
0.665137
0.665138
0.665195
0.665207
0.665221
0.66523
0.665259
0.665285
0.665294
0.665348
0.667352
0.667354
0.6674
0.753826
0.753827
0.753835
0.753876
0.753906
0.753911
0.753959
0.754057
0.754107
0.754149
0.754258
0.755233
0.75527
0.755292
0.755337
0.755384
0.75543
0.755478
0.755518
0.755559
0.755718
0.75626
0.756312
0.756358
0.756401
0.756446
0.756491
0.756542
0.756588
0.75663
0.757024
0.757046
0.757055
0.75711
0.759886
0.759948
0.75999
0.76004
0.760105
0.760158
0.762656
0.762721
0.792189
0.79219
0.792192
0.792285

0.633385
0.633387
0.633422
0.63343
0.633456
0.63352
0.633601
0.738384
0.738419
0.738421
0.738449
0.738451
0.738573
0.738603
0.738661
0.738715
0.739441
0.739496
0.739498
0.739541
0.739761
0.739813
0.73986
0.739901
0.739945
0.739988
0.740001
0.740038
0.740081
0.740126
0.740165
0.740206
0.740248
0.740291
0.740335
0.740379
0.740423
0.740468
0.74051
0.740512
0.740556
0.740576
0.740611
0.740663
0.740708
0.74079
0.742395
0.742904
0.743187
0.743867
0.744316
0.744749
0.744783
0.745157
0.804403
0.804404
0.804406
0.804485
0.804487
0.857875

0.59234
0.592342
0.592431
0.592451
0.592554
0.593222
0.593229
0.593245
0.59326
0.593274
0.593283
0.593301
0.59331
0.593322
0.593349
0.593367
0.59337
0.593441
0.65747
0.657495
0.657518
0.658947
0.658947
0.658948
0.659008
0.659027
0.65907
0.65909
0.65912
0.659143
0.659168
0.65919
0.659212
0.65924
0.659257
0.659288
0.659301
0.659329
0.65937
0.659394
0.659447
0.659501
0.659507
0.659566
0.659578
0.659608
0.659657
0.659707
0.659724
0.659756
0.659797
0.660207
0.660256
0.660259
0.660317
0.664798
0.665198
0.710716
0.710723
0.710724

0.444995
0.444996
0.444998
0.445079
0.44508
0.451808
0.451826
0.519333
0.519334
0.519337
0.519337
0.519408
0.519415
0.519417
0.51947
0.519483
0.519484
0.519541
0.519548
0.519607
0.519665
0.519724
0.519791
0.519851
0.519851
0.519906
0.519949
0.520095
0.520155
0.520183
0.520211
0.520249
0.520266
0.52031
0.520323
0.520369
0.520407
0.520417
0.520429
0.520476
0.520507
0.520545
0.520561
0.52059
0.520605
0.520647
0.520653
0.520769
0.520828
0.520884
0.521048
0.521327
0.521393
0.52145
0.521518
0.521575
0.52202
0.523633
0.526048
0.526109

0.580149
0.580151
0.580158
0.580193
0.580245
0.58027
0.581056
0.581058
0.581075
0.581112
0.6411
0.641124
0.641177
0.641182
0.641186
0.641564
0.641623
0.641674
0.642061
0.642117
0.642273
0.642489
0.642722
0.642769
0.642846
0.642907
0.64296
0.643113
0.643128
0.643164
0.643216
0.643265
0.643316
0.643369
0.64342
0.643474
0.643505
0.643523
0.643574
0.643582
0.643624
0.643675
0.643729
0.643779
0.643827
0.643875
0.643924
0.643974
0.644025
0.645652
0.646249
0.646638
0.6477
0.647764
0.648112
0.648997
0.649447
0.649896
0.64995
0.681714

