0.612727
0.612727
0.612728
0.612729
0.612754
0.612828
0.612829
0.61283
0.61289
0.612942
0.617611
0.807274
0.807322
0.857423
0.899156
0.899175
0.899193
0.899237
0.949607
0.949643
-------------------------------

0.460618
0.710774
0.891663
0.891663
0.891664
0.891665
0.891733
0.891794
0.891842
0.891886
0.891931
0.891976
0.892024
0.892068
0.892939
0.893
0.89305
0.893587
0.893643
0.893694
-------------------------------

0.38431
0.651102
0.90855
0.908561
0.908567
0.908578
0.908585
0.992397
0.992398
0.992412
0.99243
0.99245
0.992455
0.992471
0.992476
0.99248
0.992482
0.992485
1.0244
1.02443
-------------------------------

0.846879
0.84688
0.846916
0.846981
0.847056
0.847105
0.847161
0.847214
0.847265
0.847939
0.848472
0.848532
0.848586
0.848643
0.848696
0.848751
0.93867
1.01323
1.01327
1.01327
-------------------------------

0.710246
0.710249
0.710252
0.710308
0.710487
0.710508
0.710661
0.710803
0.710937
0.713963
0.71546
0.715616
0.720432
0.720609
0.72073
0.720853
0.720969
0.810199
0.903045
0.903083
-------------------------------

0.666991
0.926319
0.926328
0.926332
0.926336
0.92634
0.926343
0.926347
0.926351
0.926355
0.926359
0.926364
1.01821
1.01821
1.01831
1.01831
1.01837
1.01843
1.01849
1.01854
-------------------------------

0.749734
0.749743
0.749747
0.749751
0.749754
0.749758
0.906055
0.906056
0.906057
0.906058
0.906136
0.906148
0.906199
0.906726
0.906746
0.907047
0.907105
0.907154
0.907944
0.908853
-------------------------------

0.450634
0.809783
0.809804
0.985877
0.98588
0.985913
0.985919
0.985932
0.985935
0.985939
0.985942
0.986018
0.986065
0.986073
0.986081
0.986084
0.986088
0.986092
1.04371
1.04373
-------------------------------

0.427545
0.753927
0.995721
0.995731
0.995735
0.995739
0.995742
0.995746
0.99575
0.995753
0.995758
0.995761
0.995764
0.995768
0.995771
0.995775
0.995778
1.05437
1.05441
1.05441
-------------------------------

0.722955
0.722957
0.722962
0.722963
0.723044
0.723045
0.723101
0.723182
0.723239
0.723287
0.723385
0.724112
0.724641
0.88558
0.885581
0.885582
0.958903
0.958909
0.958928
0.958929
-------------------------------

0.524661
0.524664
0.811654
1.05084
1.05088
1.05089
1.0509
1.05104
1.05105
1.05106
1.05183
1.05184
1.05191
1.05192
1.05193
1.17921
1.17921
1.17921
1.17926
1.20667
-------------------------------

0.362404
0.641735
0.641754
0.874147
0.874149
0.874153
0.874169
0.874239
0.874296
0.875909
0.975621
0.975622
0.975666
0.97568
0.975687
0.975695
0.975703
0.975721
0.975741
1.02526
-------------------------------

0.616372
0.849889
0.849907
0.849913
0.849917
0.849922
0.849926
0.849934
0.849937
0.849941
0.849946
0.883494
0.883496
0.883514
0.883529
0.883593
0.883653
0.883714
0.883767
0.883817
-------------------------------

0.851374
0.851376
0.851403
0.851506
0.851585
0.851658
0.851721
0.851801
0.851871
0.85194
0.852007
0.852073
0.854351
0.854553
0.854718
0.854892
0.855048
0.855206
0.91205
0.955561
-------------------------------

0.399452
0.629605
0.868032
0.868064
0.868079
0.868083
0.868141
0.86815
0.868158
0.868203
0.868211
0.868255
0.868815
0.962107
0.962108
0.962109
0.96216
0.962274
0.962988
0.99576
-------------------------------

0.759892
0.984677
0.984694
0.984701
0.984705
0.984709
0.984714
0.984717
0.984723
0.984726
0.984729
0.984733
0.984737
0.984741
0.984745
1.01834
1.01835
1.01835
1.01836
1.01845
-------------------------------

0.411508
0.703817
0.879019
0.879032
0.879035
0.879036
0.879109
0.879165
0.879212
0.879269
0.879319
0.879371
0.87942
0.879466
0.879513
0.879558
0.880069
0.880564
0.955698
0.955732
-------------------------------

0.692955
0.692957
0.692978
0.693057
0.693057
0.693111
0.693164
0.693213
0.69326
0.693307
0.693354
0.693993
0.69405
0.694099
0.694148
0.694197
0.768384
0.768384
0.797812
0.845134
-------------------------------

0.50349
0.762675
0.762684
0.762688
0.762695
0.7627
0.938354
0.938363
0.938367
0.938371
0.938374
0.938377
0.938381
0.938385
1.02236
1.02236
1.02239
1.02246
1.05656
1.05658
-------------------------------

0.322022
0.657835
0.874638
0.874655
0.874659
0.874662
0.874666
0.87467
0.874673
0.874677
0.874681
0.874684
0.874689
0.874692
0.874696
0.924919
0.924922
0.924926
0.924932
0.925026
-------------------------------

