1.3996
1.3996
1.7092
1.7092
1.70921
1.70921
2.0099
2.0099
2.00991
2.15582
2.21853
2.21854
2.21854
2.21854
2.21861
2.21906
2.36258
2.50459
2.50459
2.5046

0.348166
0.817656
1.22672
1.22672
1.22672
1.22673
1.22681
1.22688
1.22843
1.50261
1.50261
1.68477
1.74219
1.76995
1.76995
1.76995
1.76996
1.77003
1.77185
1.77192

0.322145
0.742729
1.12688
1.12688
1.12688
1.12688
1.12696
1.12696
1.12702
1.12739
1.1275
1.12827
1.12867
1.13043
1.38089
1.38089
1.41185
1.5185
1.5185
1.53761

1.13189
1.47511
1.76712
1.76712
1.76713
1.76713
2.10218
2.10218
2.10218
2.10218
2.10226
2.10232
2.10271
2.35643
2.35645
2.38651
2.38651
2.38652
2.38652
2.38661

1.29695
1.29696
1.64813
1.64813
1.64814
1.64814
1.6482
1.64821
1.64826
1.64828
1.64831
1.64836
1.79093
1.98291
1.98291
1.98292
2.13369
2.17528
2.17528
2.17528

1.27885
1.27886
1.59772
1.59773
1.59773
1.87322
2.20693
2.20693
2.20694
2.20694
2.20708
2.20713
2.20718
2.20723
2.20728
2.20732
2.20736
2.33429
2.36668
2.36669

1.29411
1.73723
1.73723
1.73723
1.73724
1.73731
1.73736
1.73741
2.02137
2.02137
2.02137
2.02144
2.28863
2.56409
2.74776
2.74776
2.74776
2.74776
2.74833
2.74839

0.876822
0.876829
1.17834
1.52884
1.52884
1.52884
1.83761
1.83761
1.83761
1.83761
1.83776
1.83777
1.83781
1.83783
1.83786
1.83832
1.99346
2.13063
2.13063
2.13063

1.2529
1.2529
1.63756
1.63757
1.63757
1.63757
1.63763
1.63763
1.63769
1.8801
1.88011
1.88011
2.08062
2.08062
2.0807
2.08076
2.20838
2.27309
2.2731
2.2731

1.18601
1.54679
1.90559
1.90559
1.90559
2.23111
2.23112
2.23112
2.23112
2.23131
2.23136
2.23141
2.23146
2.2315
2.23155
2.33218
2.41592
2.41592
2.41592
2.41592

0.753415
1.03675
1.03675
1.34554
1.6959
1.92119
1.92119
1.92119
1.92127
1.92132
1.92135
1.92138
1.92143
1.92148
1.92153
1.92158
1.92242
1.92264
1.92274
1.92282

0.405396
0.784276
1.17687
1.17687
1.17688
1.17698
1.55249
1.55249
1.55249
1.86013
1.86037
1.93571
1.93572
1.93572
1.93572
1.93579
1.93677
1.97047
1.97047
1.97047

1.17354
1.17354
1.49964
1.49964
1.83353
1.83353
2.20065
2.20065
2.20065
2.20164
2.38461
2.38461
2.38461
2.38462
2.3847
2.3847
2.46993
2.46993
2.46993
2.47001

1.26552
1.26553
1.66686
1.66687
1.66687
1.66687
1.66697
1.66705
1.66737
1.66745
1.66753
1.6676
1.66766
1.78474
1.78474
1.78475
1.78482
1.8604
1.8604
1.93578

1.31515
1.31516
1.71586
1.71587
1.71587
1.71588
1.71735
1.71752
1.71766
1.71778
1.7205
1.88346
1.88346
1.88346
2.04238
2.04239
2.04239
2.04239
2.18478
2.18478

1.64524
1.64524
1.64524
1.64524
1.64534
1.6454
1.64547
1.64552
1.64558
1.64564
1.6457
1.64575
1.64581
1.64587
1.64593
1.81339
1.91377
1.91377
1.91377
1.91377

1.16509
1.58308
1.58308
1.58308
1.58309
1.58324
1.58379
1.58384
1.82682
1.82682
1.82682
2.03569
2.03569
2.03569
2.19065
2.26969
2.26969
2.26969
2.26969
2.26977

0.793232
1.29698
1.61438
1.61438
1.61438
1.61438
1.61447
1.61447
1.86516
1.86516
2.12398
2.19083
2.22405
2.22405
2.22405
2.22405
2.22413
2.22413
2.22459
2.22466

0.741116
1.14171
1.14171
1.14171
1.14172
1.14178
1.14217
1.14223
1.14227
1.14228
1.14283
1.1429
1.14295
1.14302
1.14342
1.14347
1.24325
1.24326
1.36881
1.36882

1.23563
1.23564
1.63653
1.63653
1.63653
1.63653
1.6366
1.63694
1.63729
1.63764
1.63809
1.63824
1.82142
1.82143
1.82143
1.97313
1.97313
2.08188
2.14928
2.16564

