0.255974
0.416162
0.591753
0.684005
0.75134
0.81027
0.877427
0.944665
1.00354
1.06243
1.12967
1.19688
1.27245
1.33137
1.40724
1.45888
1.51763
1.57644
1.63522
1.68566

0.181188
0.33174
0.62414
0.741365
0.825562
0.901143
0.96953
1.03678
1.17065
1.2462
1.3218
1.38073
1.43966
1.49855
1.5574
1.61638
1.68357
1.75081
1.80132
1.88513

0.214765
0.381944
0.557467
0.691377
0.750269
0.817486
0.884726
0.952036
1.08632
1.15356
1.22084
1.28805
1.43026
1.49033
1.54088
1.59976
1.65018
1.7006
1.75935
1.81808

0.153835
0.321019
0.555298
0.655897
0.739807
0.831988
0.890902
0.959381
1.00996
1.07712
1.14439
1.21992
1.28752
1.38808
1.48076
1.53954
1.58998
1.64045
1.71248
1.77463

0.113662
0.364423
0.506626
0.607219
0.674413
0.750071
0.933958
1.03459
1.11022
1.19409
1.3292
1.40479
1.48052
1.54778
1.61504
1.699
1.76626
1.81675
1.87548
1.92595

0.271394
0.423131
0.607038
0.74087
0.833303
0.900679
0.959508
1.01846
1.08559
1.1657
1.26187
1.32901
1.40456
1.47176
1.53903
1.59922
1.68301
1.73339
1.7838
1.83425

0.253085
0.386901
0.596081
0.729925
0.80549
0.889541
0.965079
1.03228
1.13289
1.19304
1.25193
1.31911
1.38633
1.46189
1.53745
1.60473
1.68029
1.79746
1.84793
1.91501

0.302074
0.478789
0.629387
0.738422
0.813995
0.897836
0.999067
1.07465
1.1586
1.22578
1.34301
1.41026
1.47748
1.53636
1.59511
1.65504
1.71382
1.77258
1.83129
1.8817

0.243456
0.42722
0.636494
0.69539
0.770964
0.838148
0.905354
0.97261
1.09817
1.16661
1.24228
1.30953
1.37669
1.46102
1.51975
1.5785
1.63721
1.72094
1.80177
1.87187

0.22356
0.374083
0.558003
0.641881
0.709073
0.777499
0.844645
0.970539
1.03771
1.1383
1.25284
1.35624
1.42343
1.48234
1.54125
1.60013
1.66733
1.71775
1.77646
1.85188

0.22154
0.380393
0.472649
0.639854
0.757134
0.824384
0.891576
0.967259
1.02614
1.09337
1.19425
1.26151
1.32874
1.39714
1.47269
1.59824
1.65715
1.70756
1.75797
1.81675

0.261523
0.412044
0.529308
0.671509
0.763753
0.830989
0.891094
0.949863
1.08427
1.20176
1.26896
1.39453
1.46174
1.52895
1.60453
1.6801
1.7388
1.7976
1.84805
1.90674

0.127173
0.285996
0.453195
0.553774
0.621144
0.713279
0.839197
0.964786
1.03209
1.0993
1.16645
1.24278
1.29441
1.36149
1.42024
1.49569
1.62948
1.69654
1.76365
1.81407

0.199325
0.366553
0.550961
0.618139
0.685373
0.752594
0.819847
0.887067
0.963798
1.06442
1.13168
1.19061
1.25782
1.36676
1.434
1.49277
1.54324
1.59366
1.65243
1.70285

0.18014
0.347327
0.532418
0.657975
0.742041
0.809188
0.8851
0.952393
1.0196
1.09541
1.22942
1.29664
1.37218
1.42261
1.47308
1.53182
1.58225
1.63379
1.68426
1.74303

0.178158
0.328671
0.545863
0.738131
0.830341
0.948145
1.0321
1.09938
1.17629
1.27557
1.3428
1.41001
1.47006
1.53714
1.58757
1.66301
1.73009
1.81384
1.87252
1.92298

0.154734
0.296934
0.505831
0.64814
0.783297
0.934065
1.00135
1.11851
1.18572
1.24448
1.30323
1.362
1.44053
1.49738
1.54778
1.59819
1.6569
1.72396
1.77443
1.80814

0.224049
0.391277
0.566815
0.650711
0.717938
0.776849
0.844106
0.911565
1.00379
1.09605
1.1865
1.29717
1.35608
1.42445
1.49169
1.55891
1.62613
1.68488
1.76033
1.81912

0.160061
0.310669
0.569924
0.653978
0.721171
0.796718
0.872258
0.939493
0.990048
1.074
1.1663
1.22528
1.29369
1.36091
1.42808
1.49524
1.55399
1.61273
1.67987
1.76363

0.229802
0.371985
0.566208
0.731825
0.824216
0.916399
0.975293
1.03422
1.10142
1.15198
1.21921
1.28761
1.35482
1.43038
1.49759
1.55646
1.60698
1.66566
1.71607
1.79149

