0.336679
0.671025
0.901443
0.90146
0.901464
0.901468
0.901471
0.901475
0.901479
0.901482
0.901485
0.901489
0.901493
0.901496
0.99244
0.992441
0.992485
0.992557
0.992617
1.02421
-------------------------------

0.443889
0.81116
0.811165
0.811167
0.81117
0.811172
0.986272
0.986273
0.986273
0.986293
0.986306
0.986314
0.986323
0.986331
0.986371
0.986394
0.986411
0.98643
1.04524
1.04525
-------------------------------

0.393962
0.732818
0.732837
0.925233
0.925249
0.925328
0.925388
0.925435
0.925439
0.925485
0.925531
0.92558
0.925622
0.925678
0.925683
1.00399
1.004
1.004
1.09008
1.09011
-------------------------------

0.792706
0.792716
0.792724
0.792727
0.963416
0.963448
0.963466
0.963471
0.963545
0.964306
0.964314
0.964344
0.964352
0.964358
0.964362
1.04462
1.04463
1.04464
1.04464
1.04601
-------------------------------

0.352756
0.731744
0.731764
0.957284
0.9573
0.957304
0.957308
0.957312
0.957315
0.957319
0.957322
0.957325
0.957328
0.957331
0.957337
1.00684
1.00685
1.00685
1.00685
1.00694
-------------------------------

0.556401
0.815671
0.815679
0.815688
0.815692
0.990967
0.990994
0.991
0.991005
0.991009
0.991012
0.991016
0.991019
0.991024
0.991027
1.0582
1.0582
1.05822
1.05822
1.0583
-------------------------------

0.592245
0.901244
0.901247
1.10139
1.10139
1.1014
1.10142
1.10144
1.1015
1.1015
1.10151
1.10156
1.10156
1.10212
1.10228
1.10229
1.10229
1.1023
1.18602
1.18604
-------------------------------

0.377249
0.694498
0.919688
0.919689
0.919689
0.91969
0.920768
0.920799
0.920888
0.920958
0.921029
0.921097
0.921166
0.922015
0.922105
0.922179
0.923183
0.924062
0.996394
0.996682
-------------------------------

0.34073
0.638155
0.927177
0.927184
0.927255
0.927262
0.927265
0.927268
0.927274
1.02743
1.02743
1.02744
1.02744
1.02752
1.02752
1.02758
1.02763
1.02806
1.08854
1.08858
-------------------------------

0.755851
0.75586
0.755864
0.75587
0.755874
0.755878
0.755881
0.755885
0.755888
0.755893
0.818514
0.818514
0.818515
0.818516
0.818684
0.819417
0.81959
0.819733
0.820967
0.821164
-------------------------------

0.584611
0.834851
0.834882
0.834895
0.834911
0.834921
0.834931
0.83494
0.834948
0.834958
0.87669
0.876693
0.876694
0.876695
0.876772
0.876782
0.876832
0.876842
0.876886
0.876895
-------------------------------

0.3864
0.656925
0.949537
1.03247
1.03247
1.03247
1.03247
1.03255
1.03261
1.03265
1.0327
1.03273
1.03279
1.03284
1.03289
1.03293
1.03297
1.03301
1.03451
1.03509
-------------------------------

0.589044
0.922865
0.922882
0.922886
0.922891
0.922896
0.922902
1.01476
1.01477
1.01482
1.01483
1.0149
1.01495
1.01496
1.01497
1.01498
1.01498
1.01499
1.06553
1.06553
-------------------------------

0.415815
0.691069
0.691081
0.857918
0.857919
0.85792
0.857923
0.857996
0.858048
0.8581
0.858147
0.85819
0.858239
0.858286
0.858333
0.85838
0.858427
0.858472
0.858515
0.858559
-------------------------------

0.332651
0.651582
0.651599
0.910078
0.910086
0.91009
0.910094
0.910098
0.910101
0.910105
0.910108
0.910112
0.910115
0.910119
0.910122
0.95209
0.952091
0.952092
0.952524
0.95406
-------------------------------

0.460517
0.811242
0.811251
0.81126
0.981545
0.981548
0.981582
0.981642
0.981651
0.981658
0.981666
0.981674
0.981681
0.981688
0.981695
0.981745
0.981754
1.05354
1.05355
1.05355
-------------------------------

0.447745
0.447748
0.684959
0.997664
0.997681
0.997685
0.997688
0.997695
0.997699
1.09415
1.09415
1.09416
1.09416
1.09425
1.09427
1.09433
1.0944
1.09446
1.09452
1.15411
-------------------------------

0.756605
0.756606
0.75662
0.756707
0.75675
0.756794
0.756837
0.756842
0.756888
0.756892
0.756937
0.756985
0.757029
0.757033
0.757071
0.757075
0.757116
0.826165
0.826166
0.846917
-------------------------------

0.381177
0.704197
0.953416
0.953435
0.953449
0.953456
0.953464
0.953472
0.95348
0.953491
0.995343
0.995345
0.995348
0.995366
0.995524
0.995529
0.995651
0.995671
0.995794
0.995917
-------------------------------

0.771134
0.771155
0.771163
0.771171
0.771179
0.771186
0.7712
0.846112
0.846113
0.846115
0.84612
0.846208
0.846211
0.846838
0.847376
0.847991
0.848581
0.849288
0.849759
0.850017
-------------------------------

