0.335805
0.780288
1.23899
1.6394
1.99807
2.39014
2.39016
2.68342
2.93383
3.09255
3.25961
3.51826
3.51827
3.65209
3.65209
3.78586
3.93619
3.93623
4.05336
4.05336

1.76166
1.76166
1.76167
1.76168
1.76175
1.76244
2.24578
2.24578
2.24578
2.24578
2.24586
2.24586
2.24661
2.24672
2.65511
2.65511
2.65511
2.65526
2.65618
2.78922

1.46392
1.46392
1.46393
1.80607
1.80609
2.38156
2.38158
2.38158
2.38158
2.38165
2.38186
2.44252
2.69094
2.69096
2.80803
2.90832
2.99201
3.15894
3.15896
3.17582

2.03697
2.03698
2.03699
2.03699
2.03709
2.0371
2.03718
2.46282
2.46282
2.46283
2.46283
2.59497
2.83862
3.02231
3.02234
3.11573
3.22446
3.3248
3.46685
3.48371

1.93728
1.93728
1.93728
1.93728
1.9373
1.93738
1.93743
1.93744
1.93869
1.93875
2.28125
2.28126
2.28128
2.28128
2.28136
2.47366
2.59901
2.69099
2.79128
2.89165

1.72852
1.72852
1.72852
1.72853
1.72853
1.72864
1.72872
2.12229
2.1223
2.12232
2.12232
2.1224
2.38968
2.38968
2.62346
2.62346
2.74054
2.86591
2.93292
2.99987

1.4988
1.49881
1.49882
1.49882
1.55194
1.87561
1.87564
1.87564
2.20957
2.20957
2.52671
2.52673
2.74385
2.74386
2.836
2.97799
2.978
3.05344
3.17876
3.1788

1.19128
1.19132
1.5679
1.5679
2.03504
2.03504
2.03506
2.38559
2.38561
2.38561
2.61954
2.61957
2.84502
2.84503
2.84505
2.84513
2.96232
2.96232
3.07104
3.07106

1.81903
1.81903
1.81903
1.81903
1.81905
1.81912
1.81912
1.81918
2.27
2.27
2.27
2.27009
2.27009
2.50406
2.50406
2.78794
2.78794
2.78861
2.88014
2.94718

1.13771
1.13773
1.13773
1.14881
1.14896
1.48846
1.48846
1.82224
2.23095
2.23095
2.23097
2.43992
2.67365
2.67365
2.67502
2.80752
2.97455
2.97455
2.97455
3.05841

1.73998
1.73998
1.73998
1.73998
1.74007
1.74013
2.0491
2.04911
2.46623
2.46625
2.46762
2.4677
2.80028
2.80028
2.80028
2.8003
2.88429
2.95964
3.03497
3.102

1.67519
1.6752
1.67521
1.67521
1.67688
2.12593
2.12595
2.12595
2.12604
2.12676
2.48506
2.48506
2.48508
2.48508
2.71074
2.71076
2.79459
2.8866
2.99528
3.07059

1.70083
1.70083
1.70083
1.70095
1.70144
1.70191
2.15989
2.15991
2.15991
2.15992
2.15999
2.50229
2.5023
2.50238
2.78628
2.78632
2.78632
2.89519
2.97891
3.05418

2.21923
2.21923
2.21923
2.21923
2.21942
2.21955
2.21967
2.22117
2.22132
2.22144
2.22191
2.22209
2.22223
2.22403
2.42891
2.42892
2.64598
2.64599
2.81309
2.81309

1.6158
1.6158
1.6158
1.6158
2.14143
2.14143
2.14143
2.14143
2.14155
2.14606
2.48506
2.48507
2.48508
2.48515
2.79404
2.79404
2.79404
2.93622
3.01156
3.07852

1.69655
1.69655
1.69656
1.69669
1.69669
1.71611
2.0474
2.0474
2.04742
2.56469
2.5647
2.5647
2.5647
2.56479
2.6107
2.68204
2.78253
2.89123
2.94987
3.03356

1.57245
1.57248
1.57248
1.98131
1.98131
1.98131
2.49027
2.49027
2.49027
2.49027
2.49039
2.85777
2.85779
2.85779
2.8581
2.9751
2.97513
3.06727
3.15101
3.21802

1.80542
1.80543
1.80543
1.80544
1.80554
1.80564
1.80654
1.80656
2.18972
2.18972
2.18972
2.18974
2.18984
2.40709
2.40711
2.64092
2.64093
2.64096
2.72479
2.80012

2.04289
2.04289
2.04289
2.04299
2.04306
2.04386
2.04393
2.04398
2.04403
2.04408
2.04413
2.06519
2.4481
2.44811
2.44812
2.44813
2.44826
2.44956
2.63225
2.75765

1.9027
1.90271
1.90271
1.90271
1.90294
1.90308
1.90322
1.90336
1.90562
2.20361
2.20361
2.20364
2.53036
2.53038
2.53039
2.53039
2.53058
2.66444
2.82311
2.94849

