0.10467
0.134618
0.134629
0.13463

0.122005
0.153338
0.153349
0.153351

0.073315
0.073318
0.073335
0.105224

0.115533
0.148829
0.14884
0.148841

0.107607
0.134216
0.134225
0.134227

0.143231
0.194344
0.194353
0.194355

0.133803
0.178483
0.178486
0.178486

0.097283
0.130714
0.130717
0.130718

0.115807
0.149163
0.149176
0.149177

0.088513
0.126259
0.12626
0.126261

0.09813
0.136556
0.136585
0.13664

0.133842
0.170459
0.170461
0.170472

0.120868
0.155609
0.155611
0.155617

0.107603
0.140889
0.14089
0.140891

0.092833
0.117761
0.117773
0.117773

0.103971
0.137249
0.13726
0.13726

0.078971
0.146351
0.146357
0.146367

0.081111
0.1144
0.114411
0.114412

0.082508
0.115812
0.115822
0.115824

0.100465
0.13395
0.133959
0.133959

