0.482211
0.482212
0.482216
0.482218
0.482342
0.482376
0.660194
0.660195
0.769365
0.769369
0.936582
0.936583
0.936584
0.936586
0.936658
0.937288
1.03736
1.03736
1.11274
1.11275

0.448245
0.723811
0.808284
0.808286
0.80829
0.808314
0.808354
0.808441
0.808556
0.808638
0.985449
1.18946
1.18946
1.26094
1.26094
1.26094
1.26095
1.26101
1.26138
1.26192

0.432737
0.623762
0.62377
0.623772
0.62378
0.738146
0.73815
0.738159
0.738166
0.739218
0.965511
1.08105
1.08105
1.08106
1.08113
1.18171
1.18171
1.18171
1.18171
1.18177

0.406921
0.690217
0.767551
0.767554
0.767556
0.767634
0.767673
0.767704
0.767783
0.767835
0.926928
1.13945
1.21066
1.21066
1.21066
1.21067
1.21074
1.21079
1.21084
1.21089

0.44881
0.448824
0.581256
0.58127
0.581442
0.581543
0.69552
0.695523
0.695686
0.695845
0.913603
0.913811
0.987987
0.987992
0.987998
0.988068
1.05549
1.05549
1.0555
1.0555

0.624904
0.624904
0.624906
0.624908
0.624984
0.625013
0.625044
0.625134
0.625158
0.84235
1.106
1.10601
1.22609
1.2261
1.2261
1.22611
1.22617
1.22681
1.22688
1.27713

0.374316
0.587804
0.671106
0.671106
0.671138
0.671139
0.671182
0.671252
0.67172
0.672375
0.830398
1.00574
1.09746
1.09746
1.09746
1.09753
1.09758
1.09763
1.09767
1.09771

0.425653
0.656908
0.656908
0.777138
0.777169
0.777236
0.778502
0.77857
0.778648
0.778852
0.910826
1.13948
1.13949
1.2119
1.2119
1.2119
1.2119
1.21198
1.21203
1.21208

0.454596
0.454597
0.454598
0.454599
0.454713
0.454729
0.45476
0.454772
0.454887
0.45494
0.656859
0.856071
0.856075
0.856078
0.915585
0.91559
0.915599
0.915601
0.915989
0.915999

0.465024
0.551299
0.551306
0.551308
0.551312
0.551355
0.551363
0.551418
0.700521
0.700522
0.947683
1.01829
1.01829
1.0183
1.0183
1.01836
1.01886
1.01892
1.06927
1.06928

0.536591
0.536596
0.670484
0.670491
0.670674
0.831054
0.831055
0.831057
0.831131
0.832167
0.998769
0.99877
1.14849
1.14849
1.1485
1.22418
1.22419
1.2242
1.2242
1.22426

0.299093
0.528666
0.625678
0.62568
0.625716
0.62572
0.625797
0.625861
0.62592
0.626042
0.801681
0.977054
1.05209
1.05209
1.0521
1.0521
1.05217
1.05223
1.05263
1.05287

0.420751
0.657126
0.657892
0.755028
0.755031
0.755032
0.755036
0.75518
0.75681
0.756939
0.922695
1.10593
1.10601
1.15646
1.15646
1.15647
1.15648
1.15655
1.15656
1.15662

0.401139
0.639481
0.724345
0.724347
0.724353
0.724383
0.724411
0.724514
0.724597
0.724652
0.892035
1.10528
1.14246
1.14246
1.14247
1.14247
1.14252
1.14258
1.14264
1.14268

0.32455
0.537824
0.537827
0.537835
0.53847
0.66789
0.667891
0.667896
0.668692
0.669146
0.898123
1.01189
1.01189
1.01197
1.01197
1.15418
1.15419
1.15419
1.15419
1.15434

0.420231
0.648476
0.648488
0.745999
0.746002
0.746005
0.746008
0.74693
0.74777
0.748269
0.92201
1.13115
1.13115
1.18914
1.18915
1.18915
1.18915
1.1892
1.19018
1.19061

0.313447
0.539888
0.539933
0.707161
0.707168
0.707386
0.707905
0.70798
0.708018
0.709697
0.840846
1.00841
1.00841
1.13502
1.13502
1.13502
1.13502
1.1351
1.13515
1.13519

0.35997
0.631959
0.711507
0.711509
0.711572
0.71158
0.711611
0.712252
0.712329
0.712449
0.862487
1.07122
1.15464
1.15464
1.15465
1.15465
1.1547
1.15476
1.15481
1.15486

0.449587
0.580597
0.580907
0.58092
0.580928
0.68945
0.689451
0.689452
0.689496
0.689563
0.891115
0.990638
0.99064
0.990646
0.991336
1.0896
1.0896
1.0896
1.08967
1.09037

0.465079
0.46508
0.535371
0.535372
0.535374
0.53538
0.535484
0.53564
0.535689
0.535738
0.78006
0.964472
0.964476
1.02021
1.02021
1.02022
1.02022
1.02029
1.02115
1.02121

