2.04695
2.04697
2.04698
2.04699
2.04699
2.047
2.047
2.047
2.04701
2.04701
2.04702
2.04702
2.04703
2.04703
2.15546
2.15546
2.15547
2.22363
2.40757
2.45768

1.95644
1.95644
1.9565
1.95665
1.95666
1.95679
1.95681
1.95696
1.95709
1.95721
1.96378
1.9648
1.96493
1.96643
2.09834
2.21642
2.38363
2.38365
2.50907
2.73437

1.50979
1.50979
1.50979
1.50979
1.50979
1.50988
1.50988
1.50988
1.50994
1.50994
1.50999
1.51413
1.74709
1.9783
2.05352
2.26229
2.45425
2.45426
2.45428
2.54638

2.09247
2.09247
2.09247
2.09248
2.09257
2.09263
2.09269
2.09275
2.09281
2.09287
2.09295
2.09301
2.09355
2.09435
2.09441
2.09446
2.23579
2.46949
2.62104
2.66275

1.2908
1.29081
1.29211
1.29221
1.2923
1.29239
1.29246
1.29254
1.29262
1.29361
1.5592
1.701
1.70102
1.86379
1.94467
2.29505
2.53706
2.53707
2.57893
2.57893

1.10232
1.4623
1.46231
1.46231
1.71262
1.7127
1.71271
1.99539
1.99541
1.99541
1.99543
2.23897
2.2398
2.47278
2.47278
2.59791
2.59792
2.74858
2.8655
2.86553

0.770583
1.24769
1.53947
1.53947
1.53949
2.02215
2.02216
2.3485
2.34852
2.34852
2.34854
2.34934
2.3497
2.35025
2.58463
2.58464
2.68315
2.85029
2.8503
2.8503

1.00675
1.6069
1.6069
1.92394
1.92395
1.92395
2.23282
2.55791
2.55791
2.55792
2.55801
2.55838
2.55843
2.55848
2.55979
2.80064
2.80064
2.80064
2.80065
2.84243

1.1575
1.54762
1.54763
1.94785
1.94785
1.94796
1.94798
1.94798
2.17332
2.17333
2.40732
2.40732
2.40732
2.40732
2.56605
2.76684
2.92528
2.92531
2.92531
3.0426

1.94715
1.94716
1.94716
1.94716
1.94744
1.94795
1.94988
1.95357
1.95377
1.95392
1.95398
1.95415
1.95432
1.9545
1.95466
1.95481
2.09043
2.35735
2.35736
2.35736

0.903437
1.46422
1.68714
1.68716
2.11255
2.11256
2.47517
2.47517
2.47518
2.47518
2.47519
2.68829
2.68829
2.68829
2.6883
2.86399
2.86399
2.96456
3.07333
3.107

1.09991
1.41688
1.81845
1.81846
2.30192
2.30193
2.30193
2.30194
2.57737
2.57738
2.57738
2.57739
2.75294
2.75294
2.75295
2.75302
2.75302
2.75302
2.87079
2.87082

2.00156
2.00156
2.00159
2.00174
2.0018
2.00182
2.00189
2.00193
2.00198
2.00203
2.00207
2.00264
2.0027
2.00274
2.00279
2.17664
2.17666
2.25329
2.47878
2.47879

1.83623
1.83623
1.83624
1.83624
1.8365
1.83666
1.83682
1.83698
1.83937
1.83991
1.84008
1.84023
1.84038
1.84054
2.04409
2.04412
2.21306
2.36336
2.5137
2.56384

1.86084
1.86084
1.86085
1.86087
1.8609
1.86092
1.86107
1.8611
1.86112
1.86124
1.86139
1.86152
1.86166
1.8634
1.94425
1.94426
2.15428
2.34997
2.43803
2.48837

1.9886
1.98861
1.98865
1.98884
1.98885
1.98886
1.989
1.98914
1.98927
1.9894
1.98942
1.98956
1.99092
1.99094
1.99113
2.08876
2.25711
2.25714
2.41594
2.41595

1.12589
1.36232
1.36232
1.36233
1.36241
1.75471
2.14649
2.14649
2.1465
2.14651
2.45545
2.45547
2.64859
2.64859
2.6486
2.6486
2.64862
2.76911
2.76911
2.82481

2.05333
2.05334
2.05335
2.05335
2.05335
2.05344
2.05344
2.05344
2.05345
2.05345
2.05345
2.05346
2.05346
2.05347
2.05347
2.20348
2.2035
2.35527
2.49724
2.54735

2.01647
2.01647
2.01648
2.01649
2.0165
2.01691
2.01692
2.01692
2.01694
2.01695
2.01704
2.01769
2.01808
2.01858
2.01861
2.0187
2.06656
2.06657
2.21006
2.33539

1.80073
1.80073
1.80073
1.80075
1.80092
1.80093
1.80096
1.80109
1.80121
1.80133
1.80145
1.80262
1.80521
1.8055
1.80572
1.80588
2.04489
2.24424
2.40287
2.48648

