0.23065
0.617135
0.942807
0.942807
0.942808
0.942929
0.943512
0.944082
0.94416
0.944716
0.94478
0.945855
0.946165
0.946958
0.947466
0.947995
1.05254
1.11259
1.18394
1.20471
-------------------------------

0.259525
0.712619
1.10589
1.10589
1.10589
1.10589
1.10598
1.10604
1.10667
1.10669
1.10676
1.10678
1.10733
1.10739
1.10745
1.25725
1.33579
1.39113
1.39113
1.39113
-------------------------------

0.284067
0.679956
1.08042
1.08042
1.0805
1.40594
1.40596
1.70638
1.85663
1.85663
1.85663
1.85664
1.85673
1.85673
1.85679
1.85685
1.8569
1.85742
1.85755
1.8576
-------------------------------

0.857923
0.857923
0.857927
0.857928
0.858014
0.858028
0.8581
0.858163
0.858218
0.858268
0.858319
0.858377
0.858916
0.96775
0.967751
1.0765
1.0765
1.24351
1.24353
1.24353
-------------------------------

0.229064
0.640389
1.13254
1.13254
1.13254
1.13254
1.13264
1.1341
1.13482
1.1349
1.34162
1.48379
1.48379
1.64228
1.64228
1.64228
1.6423
1.64238
1.64245
1.64313
-------------------------------

0.296735
0.658063
1.07508
1.42537
1.73395
1.94257
1.94258
1.94258
1.94258
1.94267
1.94273
1.94278
1.94285
1.9429
1.94295
1.94301
1.94357
1.94385
1.9439
1.94395
-------------------------------

0.633868
0.633879
0.91792
1.25153
1.25153
1.57695
1.57695
1.57696
1.57698
1.76917
1.76917
1.7692
1.76927
1.76933
1.76938
1.76943
1.76948
1.76949
1.81108
1.81109
-------------------------------

0.219136
0.539736
0.974467
1.3581
1.62506
1.86697
1.86697
1.86698
1.86707
1.86708
1.86708
1.86714
1.86719
1.8672
1.86789
1.86796
1.86796
1.92556
1.92556
1.92556
-------------------------------

0.269431
0.623477
1.03288
1.03288
1.03288
1.03288
1.03288
1.03297
1.03303
1.03308
1.03315
1.25887
1.35923
1.4595
1.45953
1.45953
1.45979
1.51809
1.51809
1.5181
-------------------------------

0.252144
0.605133
0.948438
1.2738
1.5595
1.73401
1.73401
1.73401
1.73403
1.73404
1.73404
1.73405
1.73411
1.73413
1.73413
1.73414
1.73414
1.73415
1.73416
1.74957
-------------------------------

0.267782
0.679135
1.1213
1.12131
1.12131
1.12131
1.1214
1.1214
1.30542
1.42239
1.42243
1.55613
1.55613
1.55613
1.55614
1.55622
1.55629
1.55635
1.5564
1.55743
-------------------------------

0.780265
0.780284
0.780286
0.780288
0.780368
0.780368
0.780423
0.780477
0.780506
0.780569
0.783017
0.783111
0.923389
0.923407
1.08211
1.08211
1.20756
1.20757
1.20759
1.20759
-------------------------------

0.559645
0.559664
0.9282
0.928203
0.92821
0.928211
0.928286
0.928293
1.22898
1.229
1.44602
1.44602
1.56718
1.67991
1.67993
1.67994
1.67994
1.68003
1.68093
1.68151
-------------------------------

0.807212
0.807213
0.807218
0.807219
0.807298
0.8073
0.807357
0.807364
0.807983
1.03366
1.03369
1.22567
1.22569
1.42727
1.42728
1.42728
1.42752
1.50893
1.50895
1.52797
-------------------------------

0.719693
0.719696
1.08932
1.08933
1.08934
1.08934
1.08942
1.08942
1.08943
1.08948
1.33187
1.48224
1.48225
1.59457
1.70779
1.70779
1.7078
1.70788
1.70794
1.70799
-------------------------------

0.586658
0.586696
0.930544
0.930547
0.930548
1.25603
1.25604
1.25606
1.50654
1.50655
1.66893
1.79873
1.79873
1.79873
1.79873
1.79943
1.80022
1.80097
1.80103
1.80108
-------------------------------

0.23571
0.630179
1.02283
1.02283
1.02284
1.02284
1.02293
1.02299
1.02302
1.02377
1.25709
1.39904
1.52536
1.52538
1.5254
1.52608
1.5268
1.52726
1.56619
1.56619
-------------------------------

0.934036
0.934037
0.934039
0.93404
0.934127
0.934802
0.935311
0.935369
0.93542
0.935471
0.936196
1.07687
1.07687
1.07695
1.18569
1.36322
1.36322
1.36322
1.36324
1.36337
-------------------------------

0.247864
0.667535
1.04298
1.04298
1.04299
1.04299
1.04308
1.04308
1.04375
1.04436
1.27841
1.27841
1.27841
1.40944
1.49583
1.49585
1.49585
1.49587
1.49594
1.49601
-------------------------------

1.17101
1.17105
1.49818
1.49818
1.4982
1.84866
1.84868
1.84868
1.84876
1.84876
2.04936
2.04936
2.04937
2.04937
2.04946
2.04952
2.04958
2.13767
2.13767
2.15872
-------------------------------

