0.184301
0.301499
0.393692
0.469165
0.536299
0.620151
0.670633
0.721105
0.771554
0.830542
0.889417
0.941026
0.991519
1.0337
1.06766
1.10978
1.15196
1.1857
1.21952
1.26999
1.32877
1.36263
1.39642
1.42177
1.48063
1.51457
1.54836
1.58213
1.62548
1.68429
1.73492
1.79388
1.85272
1.90322
1.95378
2.01262
2.06306
2.11359
2.15573
2.1979
2.26505
2.31558
2.35769
2.39986
2.44316
2.49373
2.53588
2.56968
2.62018
2.654
2.69609
2.7299
2.76357
2.80563
2.8644
2.90649
2.94855
2.99061
3.04102
3.07471

0.320538
0.404297
0.513127
0.613636
0.6891
0.806357
0.840163
0.900178
0.959013
1.01781
1.06831
1.12714
1.18589
1.24491
1.28702
1.34583
1.38797
1.43011
1.48057
1.53941
1.59822
1.66535
1.6992
1.74957
1.78452
1.83505
1.89387
1.9527
2.00315
2.06193
2.1124
2.15454
2.19668
2.25546
2.29763
2.33973
2.39024
2.44082
2.49128
2.55006
2.60052
2.64389
2.67775
2.72821
2.75363
2.81244
2.87125
2.92169
2.98046
3.031
3.08152
3.14027
3.19074
3.23302
3.2668
3.30893
3.35096
3.38471
3.4184
3.45336

0.172258
0.240576
0.341038
0.416549
0.533677
0.600859
0.659667
0.718466
0.752294
0.794441
0.828239
0.903867
0.946067
0.996535
1.03867
1.09748
1.13127
1.19971
1.25855
1.30903
1.35119
1.39335
1.44383
1.46932
1.51971
1.55361
1.59574
1.62124
1.65507
1.68885
1.73961
1.7901
1.82386
1.85774
1.90103
1.95988
2.01866
2.06082
2.09466
2.12012
2.1706
2.20439
2.25487
2.2886
2.33074
2.38952
2.43169
2.46548
2.49928
2.56641
2.60012
2.65065
2.70227
2.75277
2.81154
2.84535
2.88738
2.92944
2.96322
3.01362

0.195272
0.287396
0.379552
0.496833
0.647459
0.706287
0.758105
0.8086
0.867404
0.901178
0.960028
0.993845
1.02761
1.0781
1.14537
1.18751
1.22962
1.26345
1.30559
1.36442
1.39824
1.4404
1.4742
1.53418
1.56796
1.60176
1.65228
1.69439
1.72812
1.77044
1.8294
1.89686
1.94724
2.00614
2.04828
2.09871
2.14921
2.18306
2.23368
2.26873
2.31086
2.35303
2.41184
2.47067
2.52111
2.56323
2.60537
2.63917
2.68131
2.71512
2.75728
2.79929
2.84138
2.86668
2.90878
2.95915
3.00957
3.04322
3.07818
3.12853

0.330492
0.42256
0.565162
0.665644
0.766063
0.817756
0.876621
0.935421
0.985895
1.05314
1.12089
1.17988
1.23048
1.27262
1.3233
1.35716
1.40763
1.45812
1.49194
1.54359
1.59423
1.61958
1.65348
1.69559
1.74612
1.8049
1.85539
1.92263
1.96475
2.0152
2.05744
2.13359
2.17574
2.20115
2.24459
2.28666
2.35378
2.39593
2.45484
2.50531
2.55574
2.59792
2.6484
2.69048
2.72418
2.77457
2.82496
2.85863
2.9007
2.94276
2.98478
3.01848
3.04384
3.09431
3.13755
3.16289
3.20492
3.24698
3.28072
3.32277

0.279199
0.377568
0.496815
0.572342
0.656154
0.739967
0.823833
0.874307
0.934293
0.98476
1.02694
1.06076
1.1197
1.17853
1.22062
1.25445
1.30492
1.38901
1.43947
1.4816
1.51548
1.57424
1.6247
1.65013
1.67563
1.71901
1.76115
1.79496
1.82031
1.86251
1.92132
1.97179
2.0391
2.09797
2.14013
2.17386
2.20769
2.25817
2.31699
2.36744
2.43476
2.48644
2.52025
2.55401
2.59622
2.63003
2.66381
2.6976
2.74806
2.79018
2.82396
2.87445
2.93326
2.98382
3.02585
3.06785
3.10997
3.15198
3.20244
3.24453

0.341778
0.418386
0.518858
0.602733
0.711531
0.79536
0.879264
0.946421
1.00523
1.06397
1.10619
1.17333
1.20717
1.24928
1.30805
1.35852
1.42581
1.48462
1.52797
1.57012
1.62889
1.65442
1.71326
1.7554
1.79747
1.83128
1.89011
1.93224
1.99107
2.04157
2.092
2.12573
2.19288
2.25165
2.29381
2.34551
2.38764
2.45478
2.48851
2.55572
2.61453
2.665
2.69876
2.74117
2.79165
2.85046
2.90926
2.94308
2.99355
3.06071
3.12785
3.18662
3.24672
3.3054
3.33919
3.36464
3.39009
3.42379
3.46588
3.49122

0.128607
0.212371
0.28791
0.363406
0.463912
0.547711
0.606711
0.665639
0.716278
0.766771
0.817248
0.859386
0.893208
0.936519
0.995293
1.03746
1.0796
1.14705
1.20586
1.26469
1.34027
1.37416
1.43285
1.49168
1.53384
1.58435
1.62648
1.67698
1.70248
1.74581
1.79631
1.82172
1.88058
1.93939
1.98153
2.02369
2.06599
2.10813
2.16696
2.21743
2.27639
2.31851
2.36067
2.41948
2.44492
2.49539
2.55542
2.60591
2.66474
2.71522
2.749
2.79103
2.8331
2.88351
2.92557
2.9592
3.00131
3.02662
3.05204
3.08576

0.182994
0.275095
0.409108
0.55977
0.645
0.703715
0.754207
0.813133
0.88028
0.939118
1.00625
1.03998
1.09048
1.13261
1.19137
1.22519
1.2673
1.30948
1.35997
1.41045
1.44423
1.47922
1.52982
1.56353
1.63087
1.66459
1.69847
1.73221
1.77436
1.84162
1.88379
1.92595
1.95974
2.01856
2.06906
2.12787
2.17834
2.21331
2.26376
2.31431
2.3481
2.3903
2.41572
2.44952
2.475
2.52547
2.57591
2.60978
2.6686
2.7191
2.75281
2.80325
2.83704
2.87903
2.92109
2.96315
3.0064
3.04849
3.08228
3.12433

0.167648
0.235969
0.344752
0.428589
0.545682
0.671228
0.721713
0.805642
0.847788
0.881599
0.948884
0.999338
1.04144
1.11542
1.17575
1.21788
1.29337
1.35219
1.39551
1.42928
1.48808
1.54683
1.60568
1.66446
1.72327
1.75706
1.8076
1.85806
1.89187
1.93402
1.97613
2.02657
2.09372
2.13586
2.18638
2.23685
2.28018
2.33059
2.38109
2.42318
2.4737
2.53251
2.59996
2.65879
2.70094
2.76801
2.81018
2.85233
2.90273
2.94488
2.97864
3.02078
3.07122
3.1314
3.18181
3.21551
3.24088
3.26622
3.31667
3.35873

0.130755
0.214547
0.290063
0.357254
0.432714
0.574896
0.650399
0.717476
0.751261
0.81011
0.860595
0.912252
0.971046
1.02988
1.08865
1.12243
1.15624
1.19002
1.24891
1.30766
1.34984
1.39204
1.44246
1.48462
1.53515
1.58562
1.61948
1.66175
1.69546
1.73047
1.78098
1.80642
1.85686
1.90736
1.94117
1.98347
2.04227
2.1011
2.14324
2.19374
2.23586
2.29465
2.3452
2.39567
2.46287
2.52291
2.60672
2.66551
2.71603
2.74979
2.77529
2.8341
2.86791
2.90172
2.94393
2.97777
3.01142
3.04517
3.08728
3.1293

0.359604
0.418383
0.502246
0.578965
0.67109
0.771588
0.830412
0.872535
0.931325
0.99011
1.02399
1.08285
1.15007
1.19223
1.23434
1.28476
1.34365
1.4193
1.44473
1.48692
1.54686
1.60569
1.64783
1.69829
1.73209
1.7826
1.83307
1.86688
1.91735
1.95119
1.98493
2.03542
2.06922
2.13636
2.16184
2.18724
2.26299
2.30636
2.35679
2.41567
2.45783
2.50835
2.5588
2.61757
2.68474
2.73521
2.79942
2.86116
2.91999
2.97879
3.03762
3.08809
3.13854
3.1724
3.224
3.26601
3.2997
3.3334
3.3839
3.42594

0.159324
0.343111
0.460243
0.653574
0.729509
0.788612
0.839068
0.881208
0.940754
0.98302
1.00857
1.06749
1.12631
1.1601
1.20228
1.23603
1.26981
1.32163
1.35546
1.40586
1.43964
1.49844
1.5654
1.59939
1.65829
1.70084
1.75993
1.80207
1.87893
1.91406
1.94782
1.9815
2.02358
2.06563
2.1077
2.13303
2.17511
2.22552
2.2592
2.28451
2.32662
2.36869
2.41078
2.45288
2.49493
2.52033
2.55399
2.59606
2.62973
2.67176
2.70544
2.74866
2.79075
2.84121
2.87518
2.90858
2.95071
2.97606
3.00978
3.04353

0.175691
0.292769
0.376611
0.460436
0.602546
0.653435
0.705547
0.851088
0.918481
0.95231
0.994444
1.04497
1.09544
1.15456
1.17992
1.22326
1.27375
1.31606
1.35824
1.39203
1.43421
1.4848
1.51853
1.56058
1.61093
1.65303
1.68671
1.72876
1.77083
1.80468
1.84664
1.88032
1.90565
1.94906
1.97429
1.99968
2.04173
2.08384
2.1259
2.16794
2.20172
2.2521
2.28577
2.32786
2.36992
2.41196
2.45409
2.48772
2.52147
2.55515
2.59724
2.63114
2.68265
2.71504
2.76546
2.817
2.85079
2.87616
2.90997
2.95196

0.157947
0.233397
0.317174
0.526579
0.635657
0.686026
0.73648
0.77865
0.837479
0.921597
0.972036
1.01549
1.04932
1.09981
1.14197
1.1758
1.23458
1.28504
1.31047
1.3442
1.38659
1.42873
1.51328
1.56396
1.62338
1.65841
1.72565
1.77614
1.80995
1.87705
1.90254
1.94465
1.97005
2.01231
2.05447
2.10507
2.14706
2.18082
2.22287
2.26496
2.29863
2.32395
2.36601
2.40093
2.45132
2.49339
2.5355
2.56919
2.60296
2.64506
2.68715
2.72088
2.76294
2.80499
2.85534
2.8891
2.93117
2.97321
3.00694
3.04902

0.244079
0.436597
0.503809
0.595976
0.688121
0.748101
0.815254
0.865698
0.924654
0.966858
1.01747
1.06799
1.10175
1.15228
1.19437
1.22815
1.31666
1.36733
1.41028
1.46919
1.51972
1.56182
1.60388
1.64595
1.67967
1.72173
1.77217
1.80579
1.84787
1.88158
1.91527
1.95735
1.99223
2.026
2.05975
2.08508
2.11051
2.15253
2.17789
2.21161
2.23701
2.27906
2.30438
2.34643
2.37176
2.41383
2.4559
2.49802
2.54008
2.57379
2.61586
2.65791
2.69998
2.74324
2.78528
2.82732
2.85269
2.88643
2.92851
2.95383

0.369784
0.42851
0.50396
0.596107
0.654954
0.722103
0.773776
0.841106
0.883254
0.933707
0.984232
1.02634
1.13517
1.19502
1.23715
1.33869
1.38079
1.41467
1.45812
1.50027
1.55074
1.60124
1.64333
1.68551
1.72765
1.76979
1.8119
1.84566
1.89616
1.9299
1.97195
2.00563
2.04764
2.08152
2.12344
2.17385
2.2076
2.2424
2.28448
2.3099
2.35199
2.39405
2.44447
2.47823
2.52033
2.56239
2.60442
2.62979
2.66355
2.68894
2.73097
2.77304
2.8067
2.8571
2.89916
2.94955
2.99167
3.03369
3.08529
3.11914

0.364277
0.775653
0.859498
0.918309
0.960471
1.01095
1.06147
1.11194
1.17075
1.22119
1.2633
1.31378
1.36438
1.42318
1.4991
1.61073
1.67854
1.73741
1.77952
1.83003
1.88065
1.92276
1.98154
2.04031
2.08245
2.12459
2.1583
2.20037
2.24242
2.28565
2.32773
2.3614
2.40338
2.43711
2.47917
2.50455
2.53827
2.58027
2.62241
2.66442
2.70648
2.74859
2.78232
2.81601
2.85808
2.90844
2.9505
2.98425
3.02629
3.05169
3.08658
3.1203
3.16229
3.19602
3.2297
3.28012
3.30544
3.33919
3.38956
3.42324

0.187101
0.304391
0.396584
0.488731
0.580851
0.639635
0.69988
0.733836
0.776139
0.826632
0.903102
0.953574
0.995788
1.04624
1.0884
1.13887
1.18104
1.21486
1.25701
1.31584
1.34242
1.40123
1.46002
1.51881
1.55275
1.60317
1.66187
1.73835
1.77228
1.82264
1.8734
1.89888
1.93276
1.96655
2.00868
2.09383
2.13599
2.17812
2.22018
2.25391
2.296
2.32129
2.36339
2.39711
2.43921
2.46454
2.50664
2.53202
2.57408
2.60779
2.64977
2.68361
2.72558
2.75096
2.79298
2.82671
2.86996
2.90375
2.94582
2.99621

0.202815
0.361828
0.479169
0.587983
0.646763
0.705596
0.756083
0.814811
0.893217
0.927196
0.969184
1.02006
1.06222
1.09629
1.13842
1.18056
1.21438
1.24816
1.29024
1.32404
1.38286
1.41665
1.47548
1.53426
1.58473
1.64472
1.68684
1.72062
1.77103
1.83818
1.89776
1.94819
2.00773
2.06672
2.10043
2.13412
2.17615
2.20153
2.24359
2.28564
2.3122
2.36263
2.39638
2.4301
2.45544
2.49748
2.53119
2.55648
2.60694
2.64062
2.67429
2.7164
2.75004
2.80873
2.84249
2.87615
2.91821
2.95195
2.9857
3.02778

