2.83301
2.83302
3.12899
3.129
3.6575
3.65752
3.84633
3.84633
4.28859
4.64707
4.64709
4.64709
4.64709
4.64717
4.98122
4.98124
5.18167
5.18167
5.36542
5.46578

3.95136
3.95136
3.95136
3.95137
3.95148
3.95155
3.95161
3.95166
3.95171
3.95176
3.95181
3.95187
3.95191
3.95251
3.95282
3.95288
4.20433
4.25444
4.50488
4.78858

2.37971
2.37972
2.68003
3.10536
3.36384
3.36385
3.62268
4.08254
4.08257
4.08259
4.35769
4.35775
4.59987
4.59987
4.59989
5.0173
5.12577
5.12579
5.12581
5.12585

4.04203
4.04206
4.04207
4.04207
4.04208
4.04209
4.0421
4.04211
4.04212
4.04213
4.04233
4.04234
4.04235
4.04236
4.04237
4.09205
4.09206
4.09207
4.09221
4.27022

3.16898
3.16899
3.169
3.169
3.16917
3.16934
3.16984
3.17032
3.60314
3.82823
3.82823
3.82852
4.03723
4.29583
4.43767
4.68799
4.8466
4.84662
4.84662
4.96509

1.44222
1.8764
2.56832
2.86017
2.86017
2.86018
3.02719
3.2944
3.68638
3.6864
3.96181
4.22046
4.47077
4.47079
4.93785
4.93786
4.93788
4.93788
4.93796
5.06358

2.32668
2.32668
2.32668
2.32668
2.32738
2.32747
2.32843
2.8608
3.0609
3.06092
3.45463
3.67826
3.67828
3.83688
3.93734
4.17943
4.39642
4.5132
4.5132
4.63036

4.26757
4.26757
4.26758
4.2676
4.2676
4.2676
4.26761
4.26761
4.26762
4.26762
4.26763
4.26763
4.26766
4.26767
4.26768
4.26768
4.41751
4.41752
4.41754
4.46097

4.22344
4.22365
4.22379
4.2238
4.22394
4.22396
4.22396
4.22398
4.22398
4.22412
4.22454
4.22472
4.22488
4.22505
4.22575
4.29009
4.29009
4.2901
4.29022
4.50039

3.74267
3.74268
3.74268
3.74268
3.74294
3.74294
3.74317
3.74333
3.74349
3.74365
3.74702
3.74794
3.74915
3.74936
3.74953
3.95245
4.33607
4.33608
4.3361
4.45325

4.0854
4.08541
4.08542
4.08548
4.08566
4.08567
4.08585
4.08664
4.37659
4.37659
4.3766
4.3766
4.37672
4.37672
4.37672
4.37681
4.37681
4.37682
4.3769
4.37787

3.38209
3.38209
3.3821
3.38211
3.38211
3.38212
3.38213
3.63223
3.99813
3.99813
4.32511
4.32511
4.32511
4.32511
4.32529
4.49262
4.81794
4.81795
4.8681
5.0269

4.35143
4.35149
4.35151
4.35152
4.35172
4.35188
4.35204
4.35206
4.35207
4.35223
4.35238
4.35248
4.35266
4.35282
4.35298
4.35349
4.35543
4.40973
4.40974
4.55445

3.95701
3.95702
3.95703
3.95714
3.95722
3.9573
3.95925
3.95946
3.95963
3.95977
3.95992
3.96006
3.9602
3.96036
3.96052
3.96067
4.02381
4.02382
4.02382
4.20904

4.30258
4.30259
4.30259
4.30259
4.30282
4.30296
4.3031
4.30325
4.30341
4.30355
4.30368
4.306
4.30619
4.30634
4.3065
4.30665
4.30682
4.30697
4.30713
4.30728

4.022
4.02202
4.02202
4.02202
4.02211
4.02211
4.02211
4.02212
4.02212
4.02212
4.02213
4.02213
4.02214
4.02214
4.02214
4.02215
4.08043
4.08045
4.08045
4.26695

2.4381
2.4381
2.43811
2.63826
3.14718
3.14721
3.37233
3.37234
3.68959
4.01474
4.01477
4.14012
4.4323
4.43231
4.69102
4.77456
4.98334
5.00028
5.11735
5.24747

2.10444
2.60468
3.27282
3.27285
3.73132
3.73144
4.26511
4.26512
4.26512
4.26513
4.6321
4.63212
4.63214
4.63217
4.79107
4.86667
5.20875
5.20875
5.25053
5.3511

4.25697
4.257
4.25701
4.25702
4.25703
4.25704
4.25705
4.25706
4.25707
4.25708
4.25709
4.25731
4.25733
4.25734
4.25735
4.25736
4.47358
4.47358
4.47369
4.51689

2.5382
2.53821
2.98025
2.98025
2.98027
3.41412
3.41412
3.68088
3.95626
3.95634
4.23156
4.23157
4.23159
4.62391
4.62391
4.77405
4.77406
5.02578
5.0258
5.0258

