6.24353
11.4277
13.2033
14.7454
15.3125

7.32434
8.64981
14.2091
14.8511
15.5015

4.53831
7.03045
10.5977
12.6565
14.2986

5.56834
11.5277
13.0449
16.2121
16.2457

5.59912
8.86636
12.5503
14.1676
15.4847

8.14715
12.3228
12.3228
13.9067
14.8738

5.96955
8.07007
12.0541
15.9546
17.0979

5.23357
6.75905
10.1859
13.7948
15.0035

5.29044
8.01599
11.9583
14.8254
15.9676

5.07971
11.6059
12.8313
14.015
15.1822

4.65254
10.8286
12.7457
14.3463
14.9301

5.72565
10.0846
12.5853
15.2775
15.5861

7.57374
9.54093
14.8084
14.9171
15.5258

4.79635
11.2974
12.7908
15.883
16.6249

7.12033
9.89587
12.7965
14.4719
15.5974

6.47728
14.0369
14.8374
15.4046
15.78

6.48329
10.2257
14.2681
14.8436
15.5524

5.77271
7.47321
11.7655
13.1493
14.8164

7.75217
9.42765
13.6366
15.2954
15.7375

8.48293
9.75004
13.9257
14.2677
15.2182

