12.2169
-------------------------------

12.5904
23.132
34.8402
-------------------------------

12.7421
25.0504
35.917
-------------------------------

9.74957
21.6433
31.6589
-------------------------------

9.44009
18.9398
28.148
-------------------------------

9.41135
18.8529
28.2194
-------------------------------

9.58224
19.1823
28.4071
-------------------------------

9.33953
18.656
27.9226
-------------------------------

9.36435
18.8727
28.1227
-------------------------------

9.68945
18.9989
28.5074
-------------------------------

9.67612
19.4179
28.6593
-------------------------------

9.62627
19.0095
28.2758
-------------------------------

9.49095
18.8908
28.249
-------------------------------

9.57975
19.1644
28.3976
-------------------------------

9.40608
18.8227
28.006
-------------------------------

9.52012
19.0462
28.196
-------------------------------

9.45278
18.8446
28.1861
-------------------------------

9.50657
19.0149
28.3982
-------------------------------

9.83432
19.1508
28.3507
-------------------------------

9.29415
18.6523
27.9856
-------------------------------

9.54791
18.9145
28.6979
-------------------------------

