5.74454
10.1453
11.0208
11.7045
12.1882
12.6802
13.4473
13.4473
14.1394
14.5232

10.6371
11.3543
11.8797
12.4551
12.8639
13.5727
13.9648
14.3068
14.4905
14.9743

7.67165
7.67166
7.67166
12.256
12.256
12.256
12.89
13.4821
13.9575
14.3163

8.3891
8.99772
10.1066
11.232
11.7824
14.1414
14.1414
14.5584
14.6005
14.9426

5.92227
5.92231
7.03944
8.52318
12.2238
12.6157
12.9328
12.9746
13.3667
14.0504

4.18078
6.0062
9.56526
9.56527
11.233
12.2835
13.309
15.6097
15.6849
17.5283

5.14207
5.14208
10.9764
10.9764
10.9764
10.9766
11.7937
12.3108
13.6647
14.1866

6.98889
8.1893
9.50761
10.0163
10.7417
12.4996
13.4756
13.726
14.093
14.4684
14.5604

6.75674
6.75676
10.2263
12.5247
13.0001
13.235
13.8103
14.0941
14.3195
14.5031

7.74855
7.74855
8.49908
10.0162
10.8749
12.8254
13.1008
13.3845
13.611
14.1864

6.9562
6.95622
7.93167
11.8824
11.8824
11.8824
12.7164
13.3084
13.8839
14.1343

9.43255
9.43257
9.43258
9.43258
9.43275
10.225
11.2254
13.251
13.7429
13.9933

5.52958
5.52958
9.24703
9.68915
10.1562
11.965
14.499
14.499
14.499
14.5495

5.09762
5.09763
11.4487
11.4488
11.4488
11.4488
11.449
12.6496
14.1084
14.2516

8.60116
8.60116
8.60117
8.60119
9.68514
10.6189
11.2943
12.8114
13.4451
14.0289

7.05111
7.05111
10.0269
10.0269
10.0281
10.0282
12.2027
12.9365
13.3869
14.1208

8.54693
8.54693
9.36425
9.36425
9.36427
10.2315
11.1749
12.8504
14.1674
14.6012

9.19696
9.19697
9.19699
9.19699
9.19707
10.2143
11.3231
13.6319
13.8905
14.0909

9.58923
9.58924
9.58925
9.70608
10.5234
12.2739
12.2739
14.2828
14.4582
14.7586

6.89726
6.89728
7.92277
8.49812
9.53186
11.1907
12.2411
12.7582
13.867
14.5174

