0.11033
0.21916
0.453257
0.520504
0.587717
0.663267
0.748302
0.823806
0.941427
1.04211
1.10094
1.17656
1.25212
1.3277
1.38658
1.46215
1.55422
1.62137
1.68844
1.76387

0.67387
0.775564
1.00137
1.13548
1.21099
1.27818
1.37047
1.43763
1.49652
1.58039
1.68939
1.78163
1.8489
1.96647
2.03473
2.09352
2.16059
2.22771
2.27812
2.34523

0.163463
0.280644
0.48124
0.565108
0.632364
0.724534
0.800089
0.875637
0.951267
1.01838
1.14453
1.21158
1.27985
1.34699
1.40575
1.4645
1.52324
1.58199
1.62408
1.69113

0.673665
0.765949
0.958175
1.08385
1.19286
1.26846
1.344
1.41952
1.49505
1.58754
1.66307
1.73864
1.79864
1.85752
1.91639
1.98358
2.04233
2.10941
2.17653
2.25198

0.685284
0.794155
0.994753
1.07032
1.21274
1.37241
1.43963
1.50687
1.58236
1.65075
1.70972
1.77691
1.85247
1.91955
1.98665
2.04541
2.12082
2.18791
2.25496
2.32211

0.698249
0.848946
1.00785
1.15005
1.25895
1.44296
1.53647
1.60371
1.6709
1.75479
1.91437
2.00661
2.09037
2.15752
2.22459
2.28337
2.3421
2.40922
2.48466
2.56846

0.761421
0.870289
1.08036
1.18096
1.24822
1.33206
1.44147
1.51702
1.58424
1.65141
1.71866
1.79424
1.85313
1.91206
1.98761
2.05479
2.12306
2.18187
2.24895
2.30762

0.177176
0.551376
0.65186
0.727478
0.819682
0.89523
0.970799
1.04638
1.11359
1.20574
1.30658
1.37378
1.44223
1.51779
1.59336
1.66049
1.72758
1.79467
1.86177
1.92886

0.154301
0.288266
0.488857
0.614453
0.698342
0.798907
0.85787
0.93342
1.00065
1.07618
1.15289
1.21174
1.27901
1.35456
1.42184
1.49727
1.60656
1.68199
1.74074
1.80787

0.743431
0.852289
1.09498
1.17882
1.27106
1.33946
1.39834
1.46551
1.53274
1.60825
1.69217
1.77618
1.86022
1.92733
2.01128
2.05344
2.12048
2.19593
2.26301
2.33013

0.730247
0.872451
1.10663
1.2
1.29231
1.37633
1.45188
1.50243
1.5696
1.6452
1.71239
1.78793
1.84684
1.93901
2.02317
2.08189
2.14904
2.21612
2.27608
2.34316

0.677216
0.786066
0.995003
1.08723
1.15451
1.24955
1.33903
1.48203
1.54928
1.63313
1.68372
1.75094
1.81822
1.89485
1.96194
2.02902
2.0961
2.14655
2.2136
2.28899

0.099035
0.199571
0.408408
0.500628
0.567825
0.643407
0.718888
0.886556
0.980133
1.05566
1.13974
1.21542
1.27434
1.35827
1.41703
1.48417
1.55954
1.62666
1.69366
1.76077

0.671696
0.78054
0.997775
1.083
1.17519
1.2424
1.30132
1.3768
1.51131
1.59518
1.66238
1.74627
1.83018
1.89741
1.95632
1.99841
2.05716
2.11709
2.16752
2.22625

0.676737
0.77729
1.00291
1.07009
1.14566
1.21293
1.30512
1.38068
1.46454
1.54838
1.68258
1.74985
1.80872
1.90931
1.9861
2.06165
2.13722
2.21279
2.28831
2.35543

0.646605
0.755462
0.964355
1.12358
1.19916
1.29991
1.38393
1.45109
1.52667
1.60224
1.67777
1.75333
1.80514
1.87237
1.94791
2.01516
2.07392
2.13265
2.19144
2.25018

0.715422
0.815904
1.02476
1.10032
1.20922
1.30149
1.37711
1.46929
1.53647
1.61204
1.67926
1.75481
1.80533
1.87258
1.94828
2.02515
2.10067
2.16789
2.23497
2.2937

0.706085
0.848311
1.0572
1.13278
1.20119
1.30169
1.3941
1.46962
1.53685
1.62904
1.69622
1.80513
1.88916
1.93971
2.00693
2.06582
2.14133
2.20857
2.2673
2.32724

0.732896
0.841814
1.04246
1.12643
1.20319
1.27036
1.33758
1.4132
1.48871
1.55594
1.65653
1.72374
1.79102
1.8499
1.90863
1.98412
2.05144
2.11866
2.17757
2.25414

0.702162
0.811044
1.01997
1.09554
1.18058
1.26447
1.33167
1.42388
1.49106
1.54999
1.634
1.7097
1.78525
1.85245
1.92801
1.99526
2.06248
2.12137
2.18966
2.24845

