3.68624
12.4447
27.6359
-------------------------------

3.49418
13.4356
27.485
-------------------------------

3.46103
12.0777
26.6187
-------------------------------

3.42679
12.5447
26.0358
-------------------------------

4.05372
12.537
27.1781
-------------------------------

3.66094
12.5024
26.4436
-------------------------------

3.30146
11.8014
26.1436
-------------------------------

3.46833
12.4349
26.2096
-------------------------------

3.72689
13.0183
27.4012
-------------------------------

3.77639
13.2181
28.3344
-------------------------------

3.43747
12.604
27.1868
-------------------------------

3.62502
12.3998
26.4742
-------------------------------

3.60281
12.6694
27.1189
-------------------------------

3.26323
12.0882
26.1044
-------------------------------

3.76119
13.3289
26.1201
-------------------------------

3.54533
12.7952
26.5363
-------------------------------

3.38816
12.063
26.554
-------------------------------

3.72189
11.9468
26.7975
-------------------------------

3.42081
13.0459
27.0871
-------------------------------

3.73479
13.3763
27.2675
-------------------------------

