6.46725
6.46726
6.46727
6.46727
6.46745
6.6597
7.22644
7.22645
7.79562
7.91872
8.59403
8.59407
8.82751
8.82751
9.42805
9.42806
9.81176
9.85366
10.0624
10.246

7.31822
7.31825
7.31826
7.31826
7.31827
7.31827
7.31827
7.31828
7.31828
7.31828
7.31829
7.31829
7.31829
7.54334
7.54337
7.82114
8.47973
8.47973
8.54659
8.77207

6.2758
6.27581
6.27582
6.2776
6.81799
6.818
6.81801
7.25188
7.88557
7.88559
8.19394
8.19396
8.48626
8.9545
8.95451
9.39657
9.61337
9.61338
9.79731
9.9893

6.58223
6.58225
6.58226
6.58249
6.58269
6.58285
6.58301
6.58317
8.78297
8.78297
8.78298
8.78298
8.78321
8.78336
8.7835
8.78365
8.78554
8.78572
8.78585
9.08418

5.58577
5.58578
5.58579
5.586
6.26678
6.26679
6.2668
6.26701
6.60067
7.1093
7.42752
7.9778
8.32344
8.32345
8.6451
8.64514
8.95391
9.28755
9.28757
9.46293

6.47874
6.47874
6.47875
6.47901
6.47919
6.47937
6.47954
6.48163
6.77955
7.07154
7.55938
7.5594
8.0223
8.09745
8.51458
8.51458
8.82592
9.25694
9.25694
9.42402

6.58587
6.58587
6.58587
6.58611
6.59019
6.81774
7.27818
7.27819
7.42015
7.90404
7.90405
8.36272
8.36274
8.62153
8.88036
9.38045
9.38045
9.54728
9.59767
9.78983

5.06897
5.06898
5.37746
6.06934
6.73629
6.73631
7.21142
7.21143
7.32852
7.68738
8.17104
8.17105
8.47146
8.88852
9.10519
9.10519
9.66397
9.66398
9.664
9.83113

6.39321
6.39322
6.39342
6.39342
6.39359
6.45642
6.95227
6.95228
8.82758
8.82759
8.82765
8.82767
8.82768
8.82769
8.8277
8.82771
9.05266
9.14527
9.35404
9.54601

5.33731
5.33732
5.33734
5.33756
5.44319
5.92943
6.27976
6.64531
7.18039
7.52243
8.00115
8.39781
8.39782
8.39783
8.86506
8.86507
9.45719
9.4572
9.45721
9.63276

6.53115
6.53116
6.53119
6.53119
6.53179
6.53197
6.53648
6.59665
8.13183
8.13184
8.13185
8.13185
8.13373
8.13396
8.13605
8.54101
8.62452
8.83325
9.05856
9.24223

6.34727
6.34738
6.34745
6.34752
6.4508
6.45095
7.09804
7.09805
7.37317
7.49862
7.79073
8.15459
8.70797
8.70798
8.70799
9.0835
9.31701
9.31703
9.64246
9.65924

6.37937
6.37937
6.37938
6.37939
6.37961
6.38074
6.82971
7.33468
7.64697
7.92227
7.9223
8.18965
8.73143
8.73144
8.73144
9.14022
9.14024
9.37394
9.71591
9.73274

6.37406
6.37407
6.37408
6.3741
6.37525
6.37534
6.44853
6.87475
7.51674
7.51676
7.58038
8.06724
8.29239
8.33528
8.83454
8.83455
9.32655
9.32657
9.58775
9.61054

6.64393
6.64393
6.64394
6.64394
6.64398
6.64416
6.64429
6.64534
6.64741
7.21989
7.21989
7.74524
7.95491
8.05523
8.48892
8.48893
9.0893
9.08931
9.14774
9.34

6.58604
6.58604
6.58605
6.58606
6.58631
6.58652
6.5914
7.77038
7.77038
7.77039
7.77039
7.77064
8.07108
8.41284
8.61299
8.87161
9.26962
9.48867
9.53076
9.69795

5.59966
5.59966
5.59967
6.23309
6.23311
6.6847
7.1933
7.64365
8.05461
8.05462
8.05464
8.59447
8.59448
9.04479
9.04482
9.30357
9.67887
9.67887
9.85429
10.0546

6.54667
6.54668
6.54668
6.54691
6.54707
6.63373
6.74157
7.09201
8.90498
8.90501
8.90502
8.90503
9.29356
9.29356
9.29357
9.29357
9.29371
9.29371
9.29372
9.59479

6.19677
6.19677
6.19677
6.20099
6.44391
6.8553
6.85531
6.85531
7.20584
7.66448
7.90652
8.19019
8.7488
8.74884
9.02398
9.02398
9.49467
9.65805
9.65807
9.82639

6.51071
6.51072
6.51093
6.51093
6.51108
6.51122
6.51136
6.73403
7.06134
7.06135
7.67841
8.11186
8.11188
8.34554
8.44599
8.98799
8.98801
8.98803
9.38016
9.41366

