0.008206
0.023769
0.037264
0.221504
0.335054
0.343103
0.384104
0.437861
0.451049
0.491446
0.514082
0.528411
0.555511
0.582806
0.598767
0.611773
0.627407
0.643061
0.658098
0.665968
0.674588
0.682677
0.709746
0.726275
0.745205
0.756045
0.768964
0.780604
0.80053
0.814913
0.828691
0.843989
0.855098
0.868265
0.882368
0.898503
0.909611
0.945362
0.964115
0.997269
1.00943
1.02295
1.03929
1.04748
1.05642
1.07253
1.08116
1.09282
1.10073
1.10944
1.11818
1.1297
1.14038
1.1533
1.16289
1.17391
1.1829
1.19019
1.19734
1.20728

0.011809
0.019831
0.039056
0.049442
0.107193
0.132038
0.143647
0.168996
0.202248
0.226282
0.235683
0.244064
0.305254
0.338497
0.356867
0.372831
0.402265
0.419832
0.432902
0.444648
0.462632
0.497331
0.512048
0.53162
0.541817
0.570749
0.591925
0.622868
0.638436
0.667114
0.684808
0.720055
0.742394
0.767822
0.78858
0.808499
0.817471
0.851202
0.864853
0.883775
0.89742
0.912308
0.926355
0.941424
0.95248
0.963617
0.974263
0.983457
0.994586
1.0052
1.01247
1.02109
1.03185
1.03954
1.05269
1.06336
1.07286
1.08233
1.09244
1.10214

0.011973
0.025871
0.039043
0.053081
0.080594
0.092721
0.103286
0.11892
0.135691
0.145232
0.153834
0.163431
0.265381
0.322658
0.412426
0.541447
0.555148
0.566463
0.59479
0.620652
0.634399
0.708873
0.73104
0.793168
0.800876
0.821997
0.849309
0.864397
0.915333
0.928832
0.947797
0.95822
0.978255
1.00181
1.02137
1.04326
1.05287
1.06385
1.08025
1.09362
1.10448
1.11244
1.12074
1.13076
1.144
1.15188
1.16462
1.17397
1.18649
1.19928
1.20656
1.21426
1.22175
1.22939
1.24202
1.25072
1.25841
1.26863
1.27814
1.28553

0.008557
0.039261
0.06164
0.191379
0.211251
0.219032
0.290488
0.302431
0.315957
0.327628
0.348218
0.391406
0.402969
0.425604
0.433893
0.442586
0.453908
0.46421
0.476372
0.48605
0.496486
0.51832
0.620485
0.640114
0.666601
0.67561
0.690412
0.727072
0.763987
0.772603
0.823622
0.83956
0.851474
0.864221
0.872782
0.913761
0.927011
0.960682
0.976269
1.0042
1.013
1.02317
1.0369
1.04482
1.05465
1.0665
1.07801
1.08609
1.09671
1.10719
1.1146
1.35444
1.37173
1.38188
1.39029
1.39809
1.40596
1.41393
1.42951
1.44255

0.010788
0.045619
0.080729
0.188239
0.20051
0.21005
0.223684
0.276253
0.313009
0.327107
0.339849
0.359686
0.368635
0.380449
0.39281
0.404076
0.413218
0.421915
0.471087
0.484378
0.495593
0.519628
0.551708
0.568345
0.581063
0.619556
0.639322
0.678165
0.705203
0.728367
0.740109
0.781702
0.800171
0.80984
0.852424
0.881566
0.891834
0.902193
0.913745
0.92595
0.939719
0.951443
0.966924
0.979437
0.986793
0.995701
1.00495
1.01365
1.02561
1.03649
1.04732
1.05604
1.06954
1.08046
1.09286
1.10294
1.11257
1.12255
1.13106
1.13851

0.015764
0.033652
0.046008
0.078152
0.098293
0.116728
0.131923
0.141955
0.159651
0.168256
0.184932
0.193479
0.27622
0.30036
0.329521
0.740523
0.993191
1.01035
1.02237
1.03581
1.0462
1.05508
1.06344
1.07461
1.08562
1.09716
1.10643
1.16208
1.19029
1.21476
1.24368
1.268
1.29054
1.3155
1.33599
1.35928
1.38041
1.39063
1.43775
1.44965
1.45832
1.46841
1.48076
1.49228
1.50668
1.51624
1.52405
1.53467
1.54538
1.55559
1.56676
1.57426
1.58471
1.5936
1.60208
1.61216
1.62271
1.63229
1.64212
1.64961

0.012568
0.025136
0.034506
0.055701
0.069464
0.084984
0.097052
0.105651
0.112951
0.13586
0.146083
0.154735
0.20726
0.360343
0.389285
0.40907
0.417166
0.431224
0.44264
0.452418
0.461094
0.647855
0.748267
0.761289
0.769371
0.780088
0.793959
0.808076
0.826152
0.860716
0.869322
0.882876
0.897781
0.909823
0.936652
0.945856
0.960967
0.992379
1.00443
1.01708
1.0298
1.042
1.05155
1.06208
1.07568
1.09027
1.10113
1.11265
1.12038
1.96371
1.98546
1.99943
2.01557
2.02641
2.05018
2.06954
2.07949
2.08947
2.09693
2.1077

0.017033
0.030289
0.044555
0.055141
0.065837
0.078753
0.088826
0.101774
0.116028
0.130354
0.138211
0.152333
0.162897
0.173942
0.184535
0.193254
0.203427
0.234476
0.288529
0.298824
0.311729
0.330636
0.388145
0.410921
0.427318
0.453619
0.469004
0.488022
0.506698
0.524402
0.535083
0.553935
0.571735
0.58758
0.59745
0.608485
0.620477
0.634582
0.646498
0.659797
0.671208
0.683521
0.695045
0.715979
0.737491
0.75239
0.772189
0.786566
0.800111
0.808791
0.819463
0.829988
0.840099
0.850681
0.862508
0.873403
0.882252
0.891744
0.90007
0.908091

0.010761
0.03156
0.081025
0.092053
0.102896
0.131707
0.146466
0.157554
0.171209
0.192873
0.243387
0.271934
0.283554
0.292858
0.303953
0.319252
0.330518
0.34134
0.35168
0.361671
0.378719
0.403302
0.412295
0.423655
0.501712
0.523607
0.586358
0.838678
0.85799
0.87504
0.895907
0.910766
0.930521
0.946985
0.969132
0.998288
1.01732
1.02957
1.055
1.08508
1.10332
1.13096
1.14668
1.15807
1.16956
1.18059
1.19294
1.20186
1.21098
1.22118
1.2329
1.24381
1.25547
1.26655
1.27569
1.28343
1.29342
1.30347
1.3107
1.32027

0.014948
0.026421
0.050209
0.156412
0.185186
0.219951
0.246465
0.261205
0.273393
0.289428
0.300187
0.317802
0.334114
0.344837
0.363456
0.381487
0.421445
0.455128
0.46777
0.493385
0.513089
0.526824
0.543751
0.558469
0.577428
0.601303
0.626023
0.640847
0.661931
0.688655
0.700548
0.713083
0.724642
0.733341
0.753913
0.771092
0.791618
0.825353
0.84219
0.864109
0.905385
0.923216
0.936754
0.946925
0.955938
0.964716
0.975665
0.983382
0.993302
1.00313
1.01161
1.02011
1.02761
1.03604
1.0448
1.0553
1.06818
1.07852
1.08581
1.09298

