4.02998
4.02998
4.03001
6.77244
6.77246
6.77246
6.77246
6.77321
6.77327
7.32322

3.01115
3.76266
4.39641
5.18014
5.29704
5.88911
6.43116
6.83991
7.2153
7.62396

3.68897
3.68901
4.38112
5.31434
5.58182
5.83217
6.24083
6.82452
7.15823
7.54184

3.8902
3.89021
3.89023
3.89023
4.49083
4.92453
5.80823
6.30865
6.82566
7.21766

3.11433
3.11434
4.2731
4.79133
6.00013
6.00014
6.00016
6.6173
7.00099
7.43466

2.22332
2.96468
3.81576
4.31609
4.90809
5.53346
6.13933
6.49365
6.93563
7.29434

2.12364
3.54917
4.20788
5.00822
6.67528
6.67528
6.67529
6.67531
7.22592
7.5763

3.5834
4.49207
4.49208
4.93417
5.64291
5.64291
6.01832
6.48312
6.97735
7.36103

2.6981
3.50685
3.93221
4.88261
5.29962
5.87499
6.45869
6.62572
7.06777
7.3931

3.05591
3.5812
4.28994
4.78197
6.81574
6.81574
6.81575
6.81577
7.23302
7.55834

3.73918
3.73922
4.19798
4.92334
5.38204
5.85736
6.29102
6.66633
7.05006
7.40876

3.32219
3.3222
3.94039
4.38239
5.79117
5.7912
6.21665
6.642
7.17585
7.46775

5.75489
5.75489
5.75489
5.75491
5.75557
5.75703
6.26402
6.90605
7.44815
8.38189

4.08237
4.08237
4.08239
4.0824
4.8496
5.72621
6.3932
6.81026
7.29397
7.60262

3.35803
3.35803
3.9918
4.81718
5.34373
5.95239
6.47782
6.91998
7.36194
7.72068

3.45023
3.45023
4.65532
4.65534
5.99302
5.99303
5.99303
6.59478
6.98682
7.39544

3.72555
3.72557
3.72558
4.42188
6.75989
6.7599
6.7599
6.75991
6.76012
7.26895

3.42681
3.42684
4.70236
4.70237
6.16119
6.16121
6.16121
6.70337
7.12873
7.54579

4.49543
4.49543
4.49544
4.49674
4.62942
5.22976
6.14681
6.72218
7.10584
7.45618

4.30325
4.30327
4.30327
4.30327
5.92893
5.92894
5.92895
6.55458
6.94642
7.38012

