0.097293
0.256153
0.389909
0.507092
0.574288
0.634319
0.701491
0.786174
0.845
0.903844
0.970988
1.05506
1.1139
1.16431
1.23967
1.30676
1.3739
1.43265
1.48307
1.5418
-------------------------------

0.069171
0.236278
0.386839
0.470675
0.521201
0.580057
0.647272
0.714429
0.78163
0.857158
0.940958
0.999816
1.06698
1.13414
1.23186
1.31204
1.37073
1.42945
1.48823
1.5469
-------------------------------

0.133509
0.275658
0.434442
0.55999
0.635473
0.711163
0.786651
0.855063
0.905564
0.964426
1.04822
1.08208
1.1576
1.2248
1.3003
1.36742
1.485
1.5521
1.61085
1.66122
-------------------------------

0.157522
0.358368
0.517172
0.59274
0.659872
0.718812
0.79435
0.861526
0.928691
1.00418
1.07136
1.12188
1.18067
1.26475
1.36526
1.43359
1.49245
1.54281
1.60164
1.66036
-------------------------------

0.221938
0.372561
0.523047
0.606899
0.674072
0.732963
0.800178
0.858985
0.926086
0.995289
1.10412
1.18813
1.24701
1.3058
1.3729
1.43166
1.49044
1.54085
1.59959
1.65827
-------------------------------

0.149373
0.292731
0.451501
0.585552
0.660987
0.736576
0.803738
0.879256
0.954763
1.02205
1.08089
1.13974
1.20692
1.27415
1.358
1.42517
1.49231
1.61079
1.6612
1.71996
-------------------------------

0.097003
0.272576
0.423103
0.540356
0.607847
0.666676
0.733839
0.792661
0.85986
0.944619
1.02039
1.08755
1.14644
1.21361
1.27247
1.3313
1.39005
1.44872
1.50746
1.63291
-------------------------------

0.055855
0.206327
0.306808
0.390677
0.482974
0.558513
0.625676
0.701332
0.768499
0.835632
0.944631
1.01294
1.09683
1.16402
1.23119
1.29835
1.36551
1.42419
1.50426
1.60843
-------------------------------

0.061032
0.219844
0.378647
0.488712
0.53918
0.632259
0.699407
0.778573
0.825726
0.876215
0.926728
0.977232
1.05276
1.11154
1.17025
1.22902
1.2878
1.33941
1.39817
1.45693
-------------------------------

0.075908
0.226383
0.393491
0.51072
0.586248
0.661762
0.730073
0.81965
0.881141
0.956666
1.01549
1.09098
1.17479
1.24203
1.30925
1.37639
1.43538
1.56929
1.63648
1.6952
-------------------------------

0.08391
0.226036
0.368232
0.468721
0.544236
0.611457
0.670361
0.737529
0.804691
0.873043
0.956889
1.04875
1.12476
1.19192
1.25075
1.32804
1.3851
1.4606
1.51949
1.56157
-------------------------------

0.057021
0.224344
0.383187
0.467057
0.525857
0.593047
0.651824
0.819781
0.878634
0.937489
1.00471
1.07187
1.1235
1.18223
1.24101
1.32476
1.39184
1.42558
1.48432
1.54315
-------------------------------

0.082464
0.232985
0.391815
0.500703
0.567992
0.62688
0.710672
0.769561
0.836693
0.895691
0.946192
1.01931
1.08056
1.17294
1.23178
1.30849
1.36732
1.42605
1.47649
1.52693
-------------------------------

0.205281
0.422802
0.573234
0.64163
0.708862
0.776045
0.869165
0.944023
1.00286
1.06169
1.12055
1.18776
1.34713
1.40587
1.46462
1.52338
1.58212
1.64085
1.70078
1.75121
-------------------------------

0.063965
0.214427
0.373262
0.482156
0.54935
0.608205
0.675344
0.742533
0.809701
0.869808
0.969575
1.06253
1.15378
1.23855
1.31402
1.3812
1.44839
1.50709
1.57418
1.63293
-------------------------------

0.109149
0.259701
0.41136
0.570873
0.638018
0.7052
0.77236
0.853515
0.923409
0.990545
1.05771
1.13324
1.20042
1.26759
1.32642
1.38515
1.44385
1.49544
1.57013
1.66297
-------------------------------

0.102987
0.228471
0.353984
0.437999
0.523034
0.581879
0.64907
0.699595
0.781222
0.850645
0.917855
0.968164
1.06031
1.11075
1.16953
1.22829
1.27871
1.32909
1.38788
1.44665
-------------------------------

0.074338
0.216452
0.383645
0.50085
0.576397
0.651898
0.719106
0.78622
0.845049
0.913434
0.988986
1.05611
1.12331
1.1905
1.3152
1.4253
1.48403
1.54275
1.59314
1.65187
-------------------------------

0.133405
0.308903
0.45945
0.584935
0.660599
0.727796
0.803281
0.887162
0.954277
1.02145
1.09699
1.15701
1.22411
1.31707
1.41762
1.47632
1.56007
1.6188
1.6775
1.73627
-------------------------------

0.092209
0.242697
0.393197
0.477046
0.544264
0.603144
0.678621
0.745787
0.81292
0.955135
1.03066
1.09785
1.15668
1.24056
1.33392
1.40943
1.4766
1.53546
1.59429
1.65306
-------------------------------

