31.6124
38.4544
43.9213
-------------------------------

33.0551
35.3386
41.4139
-------------------------------

32.438
39.6463
45.2811
-------------------------------

33.3414
40.1584
45.8922
-------------------------------

35.6654
39.3156
44.3908
-------------------------------

29.5258
31.9024
38.7277
-------------------------------

31.1897
48.6314
51.8067
-------------------------------

26.4935
38.0519
44.394
-------------------------------

29.3764
32.31
38.9531
-------------------------------

30.9738
41.7156
46.8159
-------------------------------

32.7245
36.4748
42.475
-------------------------------

27.9074
40.8994
46.1996
-------------------------------

29.0254
40.2256
45.7677
-------------------------------

31.3372
40.329
46.0708
-------------------------------

31.1506
36.0341
42.3761
-------------------------------

36.5678
41.3096
43.7516
-------------------------------

29.8104
35.9523
41.9442
-------------------------------

33.2626
36.9961
41.5297
-------------------------------

32.1434
40.8935
46.3855
-------------------------------

30.0779
40.5196
46.845
-------------------------------

