0.25184
0.735798
0.919644
1.12021
1.32274
1.53925
1.73983
1.93206
2.1659
2.39225
2.58453
2.76849
2.96907
3.15291
3.34504
3.51218
3.68762
3.86311
4.0302
4.21511

0.241471
0.725421
0.925949
1.11822
1.30211
1.49431
1.76171
1.95395
2.15445
2.34676
2.539
2.73959
2.92465
3.13355
3.35086
3.53489
3.73545
3.91106
4.09491
4.27869

0.199987
0.675567
0.876133
1.06839
1.26196
1.46234
1.73873
1.98134
2.15689
2.3324
2.53301
2.7168
2.90061
3.10104
3.2765
3.46023
3.64408
3.81946
4.00324
4.17986

0.245344
0.745993
0.938219
1.13045
1.35604
1.55658
1.74881
1.94937
2.14994
2.35053
2.55944
2.75169
2.95348
3.14571
3.3547
3.55526
3.75579
3.94807
4.12365
4.30757

0.192766
0.69336
0.894028
1.08621
1.27848
1.46355
1.6725
1.86481
2.1156
2.29954
2.49183
2.67574
2.85967
3.03518
3.25246
3.45305
3.63681
3.81216
3.98767
4.17978

0.295596
0.771116
0.964588
1.15678
1.4157
1.62474
1.80854
1.99244
2.21801
2.41863
2.61086
2.80317
3.0037
3.19599
3.38825
3.57212
3.76429
3.9577
4.15
4.33381

0.243529
0.735764
0.94511
1.12897
1.32135
1.5219
1.71428
1.95639
2.1403
2.34208
2.53436
2.72651
2.91892
3.09448
3.29501
3.47053
3.66256
3.8797
4.06343
4.23891

0.306893
0.807418
1.0092
1.23479
1.4437
1.62764
1.81976
2.012
2.20431
2.40485
2.60548
2.82286
3.01503
3.20731
3.40792
3.61683
3.8257
4.06079
4.24476
4.42017

0.205613
0.706171
0.898368
1.09066
1.28289
1.48338
1.7072
1.93459
2.11849
2.29523
2.52083
2.71312
2.89697
3.09752
3.2981
3.49867
3.73259
3.92492
4.16714
4.35932

0.219381
0.729484
0.930044
1.13911
1.33971
1.5319
1.75823
2.0247
2.33361
2.52584
2.73476
2.93534
3.12758
3.31983
3.52896
3.73068
3.91456
4.13182
4.30719
4.49102

0.2096
0.718508
0.910803
1.10304
1.2953
1.48753
1.67972
1.9483
2.1321
2.33277
2.52502
2.71722
2.90118
3.09339
3.29394
3.49459
3.70363
3.91255
4.08795
4.27172

0.233484
0.73525
0.927515
1.11976
1.32024
1.52085
1.69635
1.96359
2.16419
2.38148
2.582
2.77429
2.96649
3.15889
3.35106
3.5433
3.73671
3.95407
4.12952
4.31326

0.194767
0.728668
0.920912
1.12972
1.41454
1.6235
1.81564
1.9996
2.19178
2.38402
2.57743
2.76969
2.98695
3.17065
3.36278
3.5549
3.73031
3.9141
4.12284
4.29835

0.27367
0.774249
1.0082
1.22538
1.43434
1.61826
1.81166
2.01225
2.21279
2.40507
2.5973
2.78122
2.97343
3.19112
3.37504
3.57559
3.75115
3.93491
4.11872
4.32747

0.255038
0.73895
0.94791
1.1568
1.36429
1.59128
1.79183
1.98404
2.17635
2.36861
2.56911
2.76971
2.96196
3.16252
3.36447
3.55667
3.77393
3.97452
4.18344
4.38395

0.301444
0.835383
1.02756
1.32895
1.52956
1.7229
1.9152
2.09908
2.29129
2.5504
2.7427
2.93501
3.1272
3.30263
3.47814
3.6535
3.83733
4.02105
4.22151
4.39691

0.282631
0.783243
0.975479
1.20935
1.43488
1.62711
1.83603
2.02822
2.2711
2.46352
2.65572
2.8729
3.11519
3.30871
3.47598
3.65976
3.86018
4.04387
4.22773
4.40313

0.196287
0.696804
0.880688
1.08135
1.27354
1.4825
1.69137
1.91808
2.17706
2.36941
2.56156
2.75381
2.93764
3.18877
3.37276
3.55652
3.74032
3.92406
4.09951
4.28328

0.302686
0.744935
0.937151
1.27189
1.45574
1.66465
1.85694
2.04075
2.24131
2.45863
2.65922
2.82647
3.01865
3.20249
3.37909
3.57119
3.77997
3.96366
4.13915
4.32294

0.240048
0.740644
0.932889
1.14181
1.39236
1.5929
1.79349
1.9857
2.17793
2.37014
2.57922
2.78808
2.99818
3.1904
3.38265
3.5917
3.78396
3.97616
4.15994
4.34371

