4.52936
22.7875
23.9211
-------------------------------

1.17868
19.9699
24.4534
-------------------------------

18.6038
20.079
24.5373
-------------------------------

18.5932
23.4101
24.5604
-------------------------------

4.68767
6.22132
24.9125
-------------------------------

4.72977
23.5878
24.7299
-------------------------------

1.16301
20.1722
24.614
-------------------------------

18.5517
20.0188
24.5188
-------------------------------

18.5212
20.0466
24.4801
-------------------------------

18.3124
19.8126
24.4796
-------------------------------

4.57516
22.858
24.0084
-------------------------------

1.1876
19.4216
23.8635
-------------------------------

1.17951
6.02961
24.0125
-------------------------------

4.51759
6.0345
24.2174
-------------------------------

4.61246
23.3714
24.597
-------------------------------

1.15573
6.0392
24.5889
-------------------------------

4.57286
23.1475
24.306
-------------------------------

1.20552
6.0556
24.2321
-------------------------------

4.60619
23.2058
24.3478
-------------------------------

4.63556
6.1777
24.6439
-------------------------------

