0.600583
0.958458
1.11643
1.11643
1.11644
1.11644
1.11665
1.1167
1.11674
1.11678
1.11681
1.11685
1.11694
1.11698
1.11702
1.11707
1.18295
1.18295
1.18296
1.28854

0.766457
0.766458
0.766459
0.76655
0.766551
0.766567
0.766614
0.771522
1.00881
1.00882
1.11371
1.11372
1.11372
1.11374
1.1138
1.11381
1.11386
1.11391
1.16978
1.16979

0.948358
0.948369
0.948377
0.94844
0.948508
0.948538
0.948548
0.948599
0.948661
0.948719
0.948776
0.948815
0.948854
0.9489
0.999064
0.999065
0.99907
0.999076
0.99925
1.09276

0.965958
0.965959
0.965965
0.965967
0.966054
0.966073
0.966098
0.966119
0.96616
0.966201
0.966239
0.966281
0.96632
0.966357
0.966395
1.03849
1.03849
1.03849
1.0385
1.09881

0.742329
0.74233
0.742332
0.742334
0.742409
0.742429
0.742463
0.7425
0.742558
0.7426
0.742638
0.742679
0.742721
0.74276
0.869115
0.869116
0.869117
0.869119
0.935713
1.00315

0.573968
0.925188
1.06596
1.06597
1.06599
1.06599
1.0661
1.06612
1.06621
1.06629
1.06637
1.06648
1.06657
1.06706
1.06717
1.06773
1.13031
1.13031
1.13032
1.13043

0.528515
0.748844
0.965886
0.965887
0.965893
0.96596
0.966006
0.966052
0.966107
0.966166
0.966213
0.96626
0.966607
0.966624
0.966678
0.966724
0.967095
0.967568
0.967643
1.00775

0.65265
0.652658
1.02643
1.02644
1.02644
1.02653
1.11294
1.11294
1.11294
1.11294
1.11301
1.11301
1.11302
1.11306
1.11312
1.11316
1.11321
1.11326
1.17299
1.173

0.516988
0.516989
0.892132
0.892144
0.892175
0.89236
0.892495
0.893448
1.0014
1.03246
1.0334
1.03343
1.03348
1.03353
1.03391
1.03443
1.03448
1.08557
1.08557
1.08603

0.521385
0.884668
0.884669
0.975695
0.975702
0.975703
0.975709
0.97576
0.975769
0.975771
0.975823
0.975825
0.975876
0.975883
0.975921
0.97593
0.975964
0.975973
1.00856
1.00856

0.749221
0.749223
0.749237
0.749354
0.749434
0.749518
0.749596
0.749629
0.749735
0.74982
0.7499
0.749991
0.75003
0.750045
0.750057
0.750073
0.750143
0.750148
0.833661
0.88055

0.655787
0.990841
0.990843
0.990871
0.990979
0.991894
1.1658
1.16583
1.16862
1.16862
1.16862
1.16863
1.16865
1.16867
1.16868
1.1687
1.16879
1.16883
1.22488
1.22488

0.489285
0.817285
1.04015
1.04015
1.04016
1.04017
1.04023
1.04028
1.04032
1.04037
1.10006
1.10006
1.10006
1.10006
1.10013
1.10111
1.10112
1.10113
1.10159
1.10253

0.590276
0.951621
0.951674
0.951826
0.998957
0.998964
1.08327
1.08328
1.08329
1.08607
1.08608
1.08611
1.08615
1.08619
1.08655
1.08666
1.08715
1.08804
1.14232
1.14233

0.734131
0.734132
0.734166
0.734233
0.734292
0.734344
0.734395
0.734455
0.758614
0.758636
0.758664
0.875442
0.875465
0.87547
0.875472
0.995235
1.12415
1.12415
1.12417
1.1624

0.479261
0.916777
0.916806
1.03901
1.03902
1.03902
1.03902
1.03909
1.03964
1.03989
1.03994
1.04016
1.04021
1.04065
1.04071
1.14887
1.14887
1.14887
1.14887
1.14893

0.71451
0.714557
0.714629
1.04168
1.04168
1.04193
1.04194
1.16899
1.16899
1.169
1.16902
1.16906
1.16906
1.16912
1.23346
1.23346
1.23346
1.23347
1.23354
1.23354

0.413248
0.413258
0.838333
1.05003
1.05003
1.05004
1.05012
1.05056
1.05089
1.05109
1.05117
1.15092
1.15093
1.15096
1.15101
1.15105
1.15111
1.23525
1.23621
1.286

0.607794
0.607797
0.607884
0.607938
0.60798
0.608053
0.80845
0.808458
1.01795
1.01795
1.01796
1.01815
1.10669
1.10669
1.10672
1.10954
1.10955
1.10958
1.17377
1.17378

0.645793
0.981858
0.982079
1.23193
1.23195
1.23195
1.23195
1.23202
1.23203
1.23209
1.23214
1.2322
1.23225
1.27611
1.27611
1.27612
1.27612
1.27618
1.27619
1.27619

