0.094059
0.277996
0.395211
0.470693
0.546165
0.613302
0.680447
0.755962
0.839767
0.915296
0.992762
1.07657
1.15214
1.21931
1.29475
1.37022
1.42896
1.49608
1.55478
1.61356
-------------------------------

0.145649
0.25445
0.438325
0.505464
0.580917
0.648069
0.731906
0.807354
0.884035
0.951167
1.02663
1.10211
1.18595
1.26974
1.33686
1.4123
1.4961
1.57165
1.64713
1.72262
-------------------------------

0.080537
0.181018
0.339826
0.432092
0.507564
0.584244
0.651355
0.70182
0.743938
0.827769
0.886606
0.95375
1.02089
1.09638
1.18021
1.25565
1.32279
1.3983
1.44043
1.50748
-------------------------------

0.137252
0.246017
0.446553
0.522016
0.59747
0.673057
0.74016
0.815661
0.899484
0.974962
1.04212
1.10925
1.17637
1.26017
1.33686
1.40399
1.48782
1.56332
1.63882
1.71429
-------------------------------

0.141999
0.250772
0.434658
0.510129
0.593958
0.669417
0.736554
0.821612
0.888755
0.947606
1.01475
1.09024
1.17404
1.258
1.32516
1.38394
1.44273
1.50994
1.57706
1.63578
-------------------------------

0.079477
0.171665
0.330474
0.430995
0.52315
0.590291
0.665764
0.732896
0.800033
0.875555
0.95105
1.01819
1.08533
1.1275
1.20299
1.27844
1.35512
1.43895
1.51446
1.58156
-------------------------------

0.118052
0.251842
0.444029
0.511162
0.569977
0.63711
0.704279
0.763119
0.838579
0.92241
0.999092
1.07472
1.14183
1.20067
1.26781
1.32661
1.39375
1.46094
1.53637
1.59513
-------------------------------

0.10435
0.204845
0.397046
0.498729
0.57419
0.641312
0.716774
0.783945
0.842747
0.901586
0.968804
1.03594
1.11974
1.20357
1.28738
1.35452
1.43001
1.50548
1.58098
1.64814
-------------------------------

0.095605
0.196078
0.371511
0.472169
0.547637
0.623105
0.698579
0.765725
0.849561
0.933406
1.01723
1.07601
1.13482
1.20195
1.27742
1.36119
1.44624
1.51342
1.57212
1.64752
-------------------------------

0.180038
0.297187
0.489352
0.564861
0.64029
0.715738
0.78292
0.85837
0.925533
1.00937
1.08484
1.16033
1.2358
1.30291
1.40354
1.47186
1.53898
1.60614
1.68162
1.74867
-------------------------------

0.146444
0.263598
0.455788
0.539672
0.615148
0.690632
0.782882
0.88716
0.958874
1.02609
1.07662
1.15217
1.23597
1.31146
1.3882
1.44701
1.53084
1.60639
1.68194
1.75744
-------------------------------

0.082303
0.191184
0.333342
0.425534
0.492673
0.568219
0.660468
0.744482
0.803341
0.878889
0.947216
1.01436
1.09834
1.18218
1.24932
1.31671
1.38378
1.42595
1.49299
1.5601
-------------------------------

0.129554
0.238383
0.455713
0.506184
0.581706
0.650053
0.742227
0.817751
0.909954
0.985468
1.04432
1.10315
1.16201
1.22918
1.29637
1.3552
1.43072
1.49794
1.55675
1.62382
-------------------------------

0.072737
0.174422
0.324922
0.425405
0.484271
0.568097
0.643616
0.719146
0.794677
0.878553
0.945713
1.02958
1.09673
1.17225
1.23941
1.31506
1.39894
1.47562
1.54273
1.60148
-------------------------------

0.16189
0.245721
0.421241
0.521809
0.580675
0.664497
0.739992
0.807178
0.891047
0.974869
1.05043
1.10926
1.17644
1.24358
1.31193
1.38745
1.46298
1.53848
1.589
1.63953
-------------------------------

0.123798
0.324425
0.466591
0.542086
0.625972
0.709822
0.785297
0.869132
0.94462
1.01181
1.07898
1.1473
1.22279
1.2983
1.37381
1.44933
1.52479
1.60031
1.67582
1.74287
-------------------------------

0.191371
0.291864
0.492432
0.559568
0.635091
0.710589
0.794448
0.878248
0.962075
1.03759
1.12146
1.19819
1.27361
1.34916
1.42466
1.5001
1.58411
1.66797
1.7435
1.79389
-------------------------------

0.126563
0.285555
0.402747
0.478191
0.562215
0.637713
0.714428
0.806609
0.882107
0.965994
1.04148
1.12529
1.22599
1.29316
1.35201
1.41085
1.47803
1.54509
1.60388
1.66269
-------------------------------

0.092691
0.201564
0.393759
0.46925
0.544725
0.628551
0.704047
0.804701
0.889734
0.965242
1.06635
1.1252
1.17567
1.23447
1.30165
1.3604
1.41918
1.48626
1.52834
1.59542
-------------------------------

0.099347
0.199911
0.400363
0.484525
0.560028
0.636738
0.695565
0.7544
0.813257
0.872143
0.914332
1.00646
1.07371
1.14082
1.20802
1.25852
1.32573
1.3762
1.43504
1.51884
-------------------------------

