3.55298
3.91824
4.02136
4.04385
4.06499
4.09372
4.1191
4.15267
4.22791
4.22803
4.26982
4.62913
4.92938
4.9294
4.9294
4.9294
4.92949
4.92955
4.9296
4.92964

2.6096
2.67183
3.21003
3.21004
3.28731
4.38094
4.68557
4.68557
4.68567
4.68574
4.68579
4.68583
4.68588
4.68649
4.7041
4.70422
5.05438
5.09578
5.11273
5.15387

3.24789
3.24789
3.2479
3.2479
3.24799
3.24799
3.24799
3.2494
3.78218
3.85138
3.93264
3.93276
4.44059
4.75087
4.7509
4.7509
4.75098
4.75105
4.7511
4.77082

3.91426
3.91427
3.91439
3.91446
3.91454
3.91462
3.9147
3.91478
3.91486
3.91493
3.915
3.91668
3.93794
3.93806
4.33104
4.33104
4.35516
4.7567
4.7567
4.81801

2.88862
2.88862
2.91618
2.93408
4.41439
4.41439
4.41439
4.4144
4.41448
4.41453
4.41459
4.41464
4.41561
4.41585
4.41594
4.41658
4.82407
4.82415
4.82416
4.84092

3.1902
3.19021
3.19022
3.22335
3.22346
3.22348
3.83266
3.87112
3.87125
3.87126
3.93039
3.93052
3.99065
4.92533
4.92536
4.92536
4.92551
4.92557
4.92561
4.92679

2.96594
2.96594
2.96595
2.96596
2.9868
3.42252
3.48323
3.48323
3.48324
3.93389
4.00666
4.69059
4.8678
4.86781
4.86781
4.86781
4.86791
4.86796
4.86873
4.8694

2.39284
2.39286
2.39286
2.39345
3.56024
3.56025
3.56025
3.56026
3.63972
3.67329
4.46111
4.46111
4.46112
4.46112
4.46194
4.46251
4.62863
4.62866
4.85411
4.85429

2.88689
2.8869
2.9239
2.94851
4.51271
4.51271
4.51271
4.5128
4.51285
4.5129
4.51296
4.51301
4.51305
4.83175
4.83176
4.83177
4.83177
4.83185
4.83191
4.83197

2.73804
2.75483
2.75495
3.91362
3.91363
3.91364
3.91364
3.91398
3.91445
3.91524
4.02629
4.58958
4.58958
4.58958
4.58968
4.58973
4.59035
4.59104
4.83213
4.83216

3.25473
3.25473
3.25474
3.25485
3.27737
3.27749
3.29411
4.70568
4.70568
4.70568
4.70579
4.70586
4.70593
4.706
4.70607
4.70712
4.70721
4.70728
4.70736
4.83207

3.09335
3.09335
3.09335
3.09337
3.09395
3.095
3.78583
3.82904
3.82915
3.82916
3.82917
3.85568
3.9267
4.79516
4.79517
4.79519
4.79519
4.79528
4.79591
4.79597

1.8408
2.96615
2.96618
4.18747
4.18749
4.1875
4.18759
4.22692
4.22702
5.15211
5.15211
5.15212
5.15212
5.15221
5.15289
5.35167
5.35233
5.66183
5.66183
5.67863

1.65535
1.65539
2.04753
3.34803
3.34803
3.34805
3.34805
3.34825
3.63323
3.94196
3.94262
4.12582
4.30953
4.56829
4.56893
4.71039
4.96081
4.96084
5.09463
5.18669

3.1084
3.27259
3.2727
3.32275
4.02955
4.6758
4.6758
4.6758
4.6758
4.6759
4.67597
4.67603
4.67609
4.67772
4.67787
4.67936
4.6795
4.67989
4.6801
4.81906

3.05098
3.05111
3.05111
3.05113
3.07692
3.1396
4.6486
4.6486
4.6486
4.64869
4.64872
4.64875
4.64968
4.65022
4.65032
4.6504
4.65048
4.91659
4.91659
4.91663

2.70423
2.80519
3.82133
3.82135
3.82136
3.82136
3.82143
3.82143
3.82143
3.82143
3.82149
3.82154
3.96324
4.21431
4.21498
4.43261
4.43327
4.56645
4.68342
4.81718

3.54318
3.54319
3.5432
3.54341
3.54506
3.54755
3.60246
3.6689
4.57826
4.57837
4.66042
4.70253
4.70253
4.70254
4.70254
4.7026
4.70261
4.70261
4.70266
4.87877

1.84776
1.8478
2.24823
2.73197
3.11565
3.50777
3.84149
4.15848
5.14221
5.14222
5.14224
5.14224
5.143
5.14314
5.75264
5.75264
5.75265
5.75266
5.75297
5.90339

3.08148
3.08151
3.08151
3.08151
3.10082
4.71249
4.71249
4.7125
4.7125
4.71259
4.71259
4.71265
4.71271
4.71328
4.71334
4.71339
4.71344
4.71349
4.714
4.84022

