19.5536
24.1953
25.354
-------------------------------

1.18733
20.5034
24.9369
-------------------------------

19.5689
20.8943
25.3957
-------------------------------

4.58658
23.4694
24.628
-------------------------------

4.69547
5.9804
24.9714
-------------------------------

18.9444
20.2032
24.7033
-------------------------------

4.69805
24.0141
25.1895
-------------------------------

19.6097
24.2682
25.4281
-------------------------------

1.24384
6.18652
25.4443
-------------------------------

1.18681
6.02029
25.1447
-------------------------------

4.63584
23.8686
25.1285
-------------------------------

1.20574
5.90595
25.197
-------------------------------

4.57094
5.87965
24.4625
-------------------------------

1.15398
19.5867
24.0214
-------------------------------

4.55429
23.7038
24.8625
-------------------------------

4.65427
24.0538
25.1958
-------------------------------

1.20394
20.4619
24.9454
-------------------------------

19.5295
20.8466
25.3467
-------------------------------

1.1724
5.89757
24.997
-------------------------------

19.2016
20.5102
24.9353
-------------------------------

