0.227657
0.303128
0.370317
0.454196
0.554718
0.623063
0.690309
0.7325
0.78295
0.841952
0.892475
0.942987
1.00179
1.06961
1.12
1.16213
1.21256
1.23799
1.28845
1.33051

0.104354
0.188155
0.314422
0.424432
0.516699
0.575544
0.609391
0.659927
0.710573
0.777767
0.828343
0.885415
0.9377
0.988215
1.03028
1.0807
1.12278
1.16482
1.2069
1.25856

0.103381
0.187135
0.270963
0.354784
0.480771
0.556327
0.623528
0.666889
0.717388
0.776234
0.82677
0.868981
0.911141
0.969991
1.07046
1.1294
1.18831
1.2387
1.26415
1.30618

0.093455
0.194072
0.294596
0.370078
0.437242
0.529433
0.588288
0.647166
0.714434
0.756675
0.798843
0.841038
0.899886
0.95162
0.993816
1.03604
1.0949
1.13735
1.19604
1.2382

0.115459
0.190894
0.266397
0.334694
0.452341
0.55283
0.611703
0.6622
0.712726
0.771581
0.830411
0.880908
0.948114
1.00406
1.09077
1.13299
1.20021
1.25062
1.30096
1.34423

0.097519
0.181351
0.273518
0.349048
0.441221
0.508442
0.559042
0.609443
0.66952
0.736668
0.796204
0.872253
0.905976
0.948044
0.990186
1.03221
1.07433
1.12473
1.17516
1.2256

0.171411
0.255191
0.364045
0.439564
0.548424
0.632249
0.68281
0.733326
0.792311
0.842736
0.910419
0.953997
0.979295
1.02982
1.097
1.1726
1.2147
1.2568
1.28222
1.33259

0.075669
0.184494
0.251654
0.352151
0.461006
0.562744
0.638345
0.706055
0.765009
0.832203
0.88276
0.933283
0.983808
1.02594
1.08485
1.14376
1.1775
1.22794
1.27835
1.32048

0.147238
0.231044
0.306536
0.390538
0.524455
0.616557
0.667139
0.759304
0.809845
0.868666
0.927642
0.953167
1.012
1.05544
1.08921
1.13967
1.18176
1.22384
1.25765
1.35811

0.108362
0.167165
0.242713
0.359919
0.477167
0.544389
0.586527
0.638248
0.688737
0.739269
0.789729
0.831896
0.874087
0.916275
0.958463
1.00049
1.03424
1.10137
1.14346
1.18559

0.119513
0.194967
0.270455
0.345944
0.456249
0.540118
0.582315
0.632839
0.69169
0.725523
0.776018
0.826637
0.885554
0.936079
0.969925
1.03715
1.07926
1.10462
1.14673
1.19712

0.119497
0.186612
0.263318
0.338819
0.431024
0.514826
0.615348
0.65747
0.708055
0.758577
0.800744
0.859631
0.910422
0.960923
1.01984
1.07039
1.12924
1.17128
1.19793
1.24001

0.111862
0.162376
0.272399
0.456957
0.54906
0.591428
0.641952
0.684114
0.734615
0.793465
0.84396
0.89448
0.953359
1.04558
1.09601
1.12972
1.17181
1.21507
1.25715
1.30753

0.123575
0.207363
0.307895
0.391688
0.576209
0.626662
0.677184
0.744499
0.795033
0.8456
0.896131
0.946625
1.00663
1.08918
1.18278
1.23321
1.28365
1.31742
1.3678
1.40984

0.126711
0.202091
0.345032
0.462203
0.537776
0.579965
0.623335
0.673839
0.716003
0.758193
0.817015
0.859208
0.931761
1.0353
1.10253
1.1529
1.18671
1.21208
1.25417
1.3046

0.087952
0.147957
0.231763
0.307294
0.38283
0.500135
0.567304
0.669116
0.711332
0.76183
0.812226
0.854272
0.896416
0.938499
0.988899
1.04769
1.0826
1.12468
1.16679
1.21724

0.158918
0.251023
0.36038
0.460837
0.528038
0.595228
0.645749
0.704556
0.755067
0.797289
0.857471
0.907851
1.00834
1.07559
1.11777
1.19103
1.25212
1.29424
1.33638
1.38681

0.090878
0.158011
0.250203
0.334074
0.426184
0.51841
0.585577
0.627798
0.678443
0.728948
0.779465
0.838328
0.888873
0.973015
1.02369
1.1023
1.17576
1.21788
1.27662
1.31873

0.094888
0.195369
0.30439
0.488876
0.55616
0.61502
0.673815
0.725516
0.776022
0.818211
0.868722
0.919255
0.969749
1.07029
1.12072
1.17111
1.19647
1.23858
1.28067
1.31436

0.107747
0.201105
0.276632
0.352155
0.435942
0.545549
0.596062
0.638248
0.688769
0.730929
0.789731
0.856999
0.907533
0.958019
1.01688
1.05896
1.09383
1.16093
1.1947
1.24515

