3.77606
21.9849
36.7737
-------------------------------

2.87015
18.3695
33.3773
-------------------------------

3.377
21.4179
36.2007
-------------------------------

4.15107
17.7256
33.8097
-------------------------------

3.47028
21.0114
35.8526
-------------------------------

2.86309
19.3541
35.1537
-------------------------------

4.50723
14.0735
29.8575
-------------------------------

2.83771
22.4282
36.9777
-------------------------------

3.72159
23.2124
37.6535
-------------------------------

2.91957
22.0103
35.9763
-------------------------------

2.97212
19.7214
35.2542
-------------------------------

3.59783
18.1388
34.455
-------------------------------

2.62256
22.2217
37.1225
-------------------------------

3.96563
18.8484
35.3147
-------------------------------

2.72557
19.6914
35.691
-------------------------------

3.09007
22.3485
36.9896
-------------------------------

4.19938
18.3071
34.49
-------------------------------

3.00876
20.7497
35.5241
-------------------------------

3.22656
19.4008
34.8252
-------------------------------

3.54293
21.3504
35.876
-------------------------------

