0.193305
0.302095
0.378923
0.47122
0.621815
0.705875
0.74816
0.798644
0.832476
0.883057
0.933611
0.975781
1.01795
1.05175
1.10212
1.13579
1.16956
1.21993
1.27868
1.30526

0.104984
0.180394
0.29791
0.381709
0.482248
0.557916
0.608514
0.650661
0.692777
0.801772
0.827198
0.882861
0.911589
0.937002
0.971893
1.01392
1.05602
1.08969
1.13178
1.16539

0.146625
0.230394
0.331064
0.440116
0.515664
0.574638
0.625664
0.65938
0.693229
0.735392
0.777565
0.837752
0.911739
0.945491
0.979167
1.01422
1.04776
1.09811
1.12347
1.14887

0.093918
0.211109
0.338247
0.38872
0.480881
0.581325
0.623539
0.674121
0.741441
0.789888
0.867572
0.901386
0.935119
0.977215
1.01083
1.04452
1.07829
1.12036
1.14569
1.17111

0.083707
0.150815
0.242965
0.343492
0.410635
0.461132
0.529497
0.596684
0.63052
0.681017
0.714758
0.765848
0.815748
0.841198
0.874991
0.909006
0.93453
0.968362
1.0188
1.04418

0.082415
0.157909
0.208359
0.283811
0.375982
0.459824
0.551972
0.612475
0.654608
0.696797
0.72222
0.772648
0.80654
0.848694
0.907525
0.966269
1.00022
1.03383
1.06759
1.10133

0.090786
0.149581
0.200076
0.300569
0.401066
0.509338
0.602099
0.652578
0.712567
0.746317
0.796816
0.838974
0.872675
0.932395
0.957852
0.9915
1.01687
1.04224
1.0759
1.10962

0.089572
0.181722
0.265531
0.341051
0.508216
0.608746
0.675897
0.718071
0.751831
0.802287
0.863405
0.905656
0.947741
0.981459
1.00685
1.03225
1.06593
1.09135
1.11671
1.15044

0.179471
0.271585
0.439349
0.523232
0.598685
0.67421
0.716385
0.766856
0.809026
0.909498
0.968329
1.02835
1.06215
1.10428
1.13812
1.18028
1.20556
1.24764
1.29798
1.33178

0.103979
0.162687
0.246498
0.338673
0.430833
0.506324
0.587123
0.640669
0.691138
0.724918
0.758828
0.792639
0.834806
0.868667
0.910823
0.937422
0.971062
1.00498
1.0302
1.05558

0.092643
0.209899
0.293685
0.34533
0.395862
0.504696
0.5802
0.63068
0.681168
0.73162
0.757033
0.782545
0.841361
0.87512
0.925622
0.959337
0.984829
1.01034
1.03573
1.07775

0.105532
0.172667
0.248137
0.323696
0.466247
0.541675
0.583992
0.609464
0.651641
0.694991
0.72877
0.770944
0.813111
0.855248
0.913938
0.956227
0.989848
1.02353
1.04892
1.08266

0.119465
0.211808
0.270609
0.346057
0.413226
0.480412
0.605998
0.639761
0.673595
0.699007
0.741185
0.791635
0.833854
0.867555
0.893219
0.928165
0.970206
1.00395
1.03775
1.07147

0.141946
0.210258
0.28572
0.461681
0.553992
0.59611
0.654963
0.697106
0.739242
0.773083
0.806911
0.84071
0.874571
0.975194
1.00072
1.02603
1.05141
1.07802
1.11171
1.15789

0.132701
0.19986
0.283634
0.41041
0.511118
0.569993
0.628747
0.670943
0.713113
0.738581
0.780753
0.822893
0.88173
0.915498
0.96601
0.991398
1.0252
1.05061
1.08433
1.10973

0.105976
0.198078
0.248569
0.340716
0.466519
0.576573
0.652248
0.69438
0.73654
0.770338
0.820849
0.862996
0.888492
0.92234
0.981117
1.03161
1.05703
1.08254
1.12455
1.14988

0.104538
0.20499
0.297144
0.372645
0.473135
0.556968
0.615937
0.666765
0.710044
0.743945
0.777701
0.828202
0.861984
0.904281
0.938034
0.971918
1.0056
1.03934
1.07302
1.12337

0.086301
0.170249
0.237414
0.32124
0.421728
0.480732
0.547867
0.615076
0.657224
0.690899
0.751687
0.794098
0.841227
0.878143
0.911836
0.945534
0.979241
1.01297
1.04672
1.08038

0.093654
0.269877
0.362
0.420822
0.512969
0.555135
0.605603
0.681101
0.714922
0.773729
0.799187
0.83296
0.875147
0.90898
0.943979
0.977677
1.00302
1.02844
1.06212
1.10415

0.114277
0.198093
0.290207
0.357373
0.466143
0.59287
0.643501
0.693972
0.727739
0.770139
0.812284
0.846151
0.879927
0.91361
0.939087
0.981316
1.01509
1.04872
1.09079
1.12449

