0.190516
0.608919
0.717947
0.851871
0.96079
1.07799
1.20356
1.32083
1.44637
1.58858
1.82287
1.94012
2.049
2.15809
2.2892
2.41039
2.53583
2.64457
2.79509
2.90388

0.174025
0.624778
0.750339
0.876035
1.00997
1.13664
1.25403
1.37959
1.52185
1.64745
1.76468
1.89861
2.00752
2.11643
2.23397
2.40104
2.52647
2.6353
2.74409
2.85285

0.167476
0.584721
0.69363
0.819136
0.944739
1.06195
1.17916
1.29634
1.40518
1.62432
1.73326
1.84226
1.95116
2.06004
2.17716
2.27752
2.39462
2.51171
2.62887
2.7626

0.170458
0.587775
0.721671
0.838842
0.982194
1.09111
1.20827
1.32556
1.4344
1.5517
1.74387
1.86115
1.97838
2.09559
2.21287
2.3468
2.46396
2.58126
2.69845
2.81688

0.168687
0.610999
0.719885
0.837052
0.962618
1.07985
1.19708
1.32268
1.44822
1.66612
1.77506
1.89228
2.00949
2.11139
2.21184
2.32066
2.42935
2.52983
2.63859
2.74745

0.20761
0.625016
0.750573
0.860621
0.994609
1.14516
1.27071
1.43811
1.55541
1.68926
1.79817
1.90707
2.02429
2.14152
2.28384
2.41778
2.53503
2.65339
2.76217
2.87929

0.117879
0.518449
0.627461
0.75422
0.863117
1.08867
1.23094
1.3565
1.49048
1.591
1.74215
1.88455
2.00178
2.10218
2.21101
2.31975
2.42852
2.57058
2.68901
2.7977

0.169117
0.594848
0.703741
0.812632
0.921533
1.03886
1.15605
1.36663
1.4839
1.59281
1.71846
1.83573
1.96966
2.08688
2.21229
2.33772
2.4465
2.55529
2.66402
2.78111

0.212575
0.680017
0.797273
0.914458
1.04844
1.16561
1.27457
1.45014
1.56025
1.67754
1.82821
1.93714
2.07112
2.18007
2.29734
2.40627
2.51519
2.6658
2.77477
2.88364

0.175782
0.609728
0.743605
0.877481
0.994656
1.10368
1.22096
1.32983
1.44702
1.56426
1.68982
1.80708
1.94207
2.10142
2.21862
2.32763
2.46143
2.57015
2.67895
2.78771

0.172865
0.590039
0.707271
0.841165
0.951242
1.07683
1.19409
1.30289
1.5122
1.62946
1.73837
1.88893
2.00619
2.12338
2.23228
2.34948
2.46679
2.57552
2.68429
2.79425

0.190484
0.60774
0.716652
0.825472
0.926074
1.0433
1.17717
1.28598
1.48681
1.6124
1.72132
1.85522
1.96417
2.09094
2.19981
2.31703
2.66785
3.0766
3.41917
3.52793

0.229844
0.647114
0.764471
0.882909
0.991806
1.10898
1.21794
1.43566
1.55287
1.66186
1.78742
1.89634
2.01359
2.14748
2.25629
2.36517
2.47386
2.58269
2.69264
2.81806

0.130855
0.548204
0.665466
0.782719
0.891594
1.02552
1.14272
1.25279
1.37002
1.52063
1.64624
1.847
1.98095
2.09821
2.2071
2.34122
2.45008
2.55884
2.66759
2.79308

0.182971
0.625315
0.759376
0.868281
0.985566
1.09448
1.21171
1.31219
1.43782
1.54672
1.65557
1.7786
1.92348
2.04906
2.16754
2.28477
2.40199
2.51926
2.62803
2.73677

0.116948
0.542547
0.684912
0.802103
0.919378
1.03657
1.16216
1.27223
1.38944
1.51522
1.63232
1.83353
1.9424
2.05967
2.16848
2.27724
2.38598
2.49475
2.6035
2.71232

0.22361
0.649142
0.766388
0.875267
0.984185
1.10139
1.2353
1.35261
1.4864
1.62863
1.78774
1.90496
2.0222
2.13111
2.25036
2.35927
2.47645
2.58533
2.7193
2.83642

0.194918
0.603836
0.746063
0.880082
1.01391
1.1478
1.26494
1.44905
1.58294
1.70134
1.81854
1.91916
2.01975
2.12865
2.24579
2.36308
2.48039
2.62256
2.87298
3.06424

0.189725
0.623828
0.740977
0.858255
0.967123
1.07601
1.2111
1.32826
1.44543
1.61273
1.74656
1.86384
2.00604
2.13999
2.28225
2.3912
2.50842
2.62567
2.7429
2.84332

0.216025
0.633214
0.758775
0.875991
0.99316
1.11048
1.24448
1.34507
1.46231
1.57115
1.71338
1.84733
1.95746
2.09124
2.24239
2.54286
2.72663
2.83537
2.94413
3.05296

