0.008068
0.028132
0.032897
0.14219
0.211659
0.222136
0.236212
0.243922
0.256656
0.266067
0.28606
0.295479
0.302208
0.316216
0.321104
0.383035
0.397379
0.412816
0.41901
0.423785
0.434446
0.44401
0.471131
0.485749
0.526993
0.538928
0.651965
0.666555
0.680813
0.690617
0.703585
0.719617
0.741138
0.763834
0.805054
0.838302
0.861823
0.897048
0.90364
0.911507
0.939425
0.939519
0.949052
0.951319
0.97098
0.996261
1.01841
1.02846
1.04895
1.06416
1.06416
1.07715
1.07715
1.07925
1.08763
1.09528
1.10107
1.11337
1.12665
1.12811

0.010904
0.032578
0.047693
0.058671
0.07056
0.077346
0.176854
0.296853
0.324507
0.329889
0.347604
0.364447
0.378267
0.388657
0.397374
0.425242
0.432175
0.488971
0.509098
0.51441
0.52473
0.533992
0.544273
0.544402
0.550561
1.25857
1.29492
1.30718
1.32632
1.33839
1.38748
1.40179
1.4349
1.45005
1.49797
1.50509
1.5054
1.51907
1.52008
1.53469
1.54743
1.56471
1.56947
1.57939
1.59339
1.5935
1.6121
1.63434
1.64413
1.65856
1.65873
1.67887
1.67887
1.67956
1.68223
1.68337
1.69867
1.70055
1.70561
1.70701

0.008492
0.099052
0.099187
0.11435
0.18533
0.195043
0.207109
0.405384
0.515794
0.826425
0.870531
0.877802
0.950055
0.97322
1.0155
1.07499
1.08278
1.09307
1.1019
1.13975
1.16077
1.17787
1.22564
1.258
1.29763
1.30026
1.31807
1.32974
1.37385
1.37402
1.43082
1.43343
1.48143
1.50502
1.50768
1.53445
1.55023
1.55484
1.89953
1.89953
1.93042
1.93042
1.93057
1.9386
1.93999
1.96205
1.9622
1.98368
1.98393
1.98408
1.98422
1.98434
1.99072
2.00077
2.01216
2.02672
2.02684
2.02878
2.03531
2.03672

0.012101
0.019692
0.113683
0.121616
0.144074
0.152705
0.152863
0.225684
0.23704
0.242059
0.677895
0.689242
0.781664
0.788141
0.810393
0.810561
0.853069
0.869532
0.872621
0.983852
0.990325
0.993486
1.01882
1.02102
1.10469
1.14415
1.14483
1.16562
1.19036
1.19507
1.2046
1.23512
1.23518
1.23524
1.23528
1.23536
1.23543
1.23777
1.25115
1.27815
1.27828
1.27836
1.30605
1.30628
1.30638
1.30679
1.30762
1.31203
1.3216
1.32301
1.33555
1.33566
1.33573
1.35102
1.35102
1.35122
1.36846
1.37908
1.38174
1.38335

0.012557
0.026732
0.03773
0.052381
0.070608
0.076475
0.077777
0.088019
0.102131
0.112396
0.167973
0.182143
0.186194
0.235573
0.273825
0.288342
0.2955
0.375938
0.402753
0.425391
0.442521
0.478119
0.513191
0.515035
0.555596
0.572974
0.573105
0.581353
0.601305
0.630113
0.644963
0.64518
0.678032
0.697887
0.738603
0.738702
0.739204
0.741857
0.77451
0.774562
0.774712
0.780613
0.818325
0.818967
0.819526
0.842271
0.859221
0.873761
0.873872
0.900278
0.923773
0.923774
0.923909
0.924706
0.939567
0.939589
0.942803
0.942815
0.946845
0.948311

0.011079
0.019278
0.050488
0.075057
0.171599
0.211074
0.217032
0.334069
0.369061
0.38312
0.384897
0.402245
0.42144
0.440555
0.464477
0.471737
0.50542
0.517186
0.526119
0.527492
0.566602
0.581154
0.58127
0.616471
0.616574
0.672441
0.766392
0.767867
0.768797
0.770436
0.786503
0.812041
0.817546
0.836945
0.83705
0.839203
0.842821
0.854397
0.864254
0.865971
0.866085
0.875972
0.887031
0.898029
0.921441
0.921442
0.924668
0.933069
0.935012
0.943
0.9512
0.959859
0.961294
0.961387
0.975867
0.983158
0.994531
1.00599
1.00612
1.00732

0.015549
0.021118
0.029448
0.039187
0.097536
0.116702
0.149602
0.162773
0.181153
0.182578
0.193651
0.206493
0.21244
0.222504
0.261818
0.276977
0.288104
0.459606
0.499248
0.519353
0.532483
0.571404
0.589322
0.650768
0.699993
0.70189
0.722617
0.72376
0.724728
0.728449
0.744696
0.744906
0.757338
0.777461
0.800048
0.812398
0.880102
0.88109
0.909959
0.90996
0.938043
0.947858
0.951528
0.966303
0.966305
0.982956
0.983338
1.00206
1.0022
1.02112
1.02125
1.02133
1.02192
1.02203
1.02757
1.0416
1.05386
1.05394
1.05725
1.0688

0.008168
0.109001
0.11937
0.201107
0.242872
0.242987
0.265577
0.29227
0.306294
0.324657
0.335449
0.365811
0.39689
0.396999
0.405214
0.453611
0.483491
0.483608
0.501731
0.513759
0.544718
0.602524
0.606223
0.664404
0.66663
0.685072
0.695288
0.722904
0.725583
0.737936
0.738975
0.739456
0.750351
0.758929
0.779298
0.779417
0.798785
0.806421
0.84185
0.85338
0.857525
0.869023
0.869138
0.88601
0.886133
0.898138
0.89939
0.909311
0.909431
0.97044
0.970441
0.97056
0.986363
0.986364
0.999227
0.999229
1.01312
1.01527
1.01683
1.01697

0.007914
0.029075
0.094429
0.103322
0.111779
0.150327
0.150668
0.252281
0.261402
0.286717
0.324169
0.325662
0.356446
0.361442
0.368724
0.387739
0.393428
0.417596
0.41946
0.420643
0.420698
0.421168
0.450358
0.45059
0.450806
0.451002
0.465745
0.505841
0.519377
0.535329
0.535797
0.542536
0.546623
0.552475
0.562223
0.611684
0.629745
0.655365
0.655799
0.69347
0.69474
0.695008
0.695594
0.697651
0.698061
0.698724
0.712383
0.719116
0.721065
0.721605
0.722932
0.730835
0.731813
0.739289
0.753814
0.753929
0.755098
0.767208
0.775577
0.799819

0.02036
0.020373
0.033414
0.039572
0.039573
0.05652
0.065517
0.067604
0.081395
0.092384
0.162593
0.18268
0.186798
0.201048
0.223069
0.22325
0.259223
0.284891
0.339985
0.468162
0.546618
0.573636
0.58548
0.608336
0.620332
0.626636
0.634666
0.668737
0.695439
0.695683
0.712449
0.725288
0.764451
0.779352
0.786305
0.846155
0.846265
0.862531
0.86284
0.883845
0.906519
0.926742
0.931022
0.935012
0.954006
0.954763
0.954879
0.963905
0.964057
0.966216
0.989025
0.989213
1.00103
1.00475
1.02798
1.02798
1.03815
1.03827
1.04182
1.04515

