0.010292
0.09861
0.164902
0.174177
0.187071
0.195257
0.205824
0.236595
0.257262
0.269704
0.280298
0.287733
0.312836
0.324119
0.349324
0.404426
0.419562
0.428748
0.443837
0.453595
0.464643
0.475071
0.482221
0.494861
0.558264
0.567789
0.636373
0.649401
0.667832
0.684407
0.70083
0.713515
0.725555
0.73652
0.755856
0.766973
0.782911
0.795891
0.815102
0.823858
0.834337
0.844377
0.855072
0.8634
0.87505
0.882345
0.889588
0.899199
0.908861
0.915729
0.923335
0.933118
0.943178
0.951257
0.96099
0.970461
0.979572
0.987315
0.997165
1.00415

0.014535
0.026679
0.036742
0.048693
0.058836
0.071529
0.082897
0.092786
0.100305
0.110713
0.121708
0.13229
0.140253
0.147425
0.157806
0.16481
0.219767
0.293375
0.40221
0.506705
0.568557
0.618524
0.628843
0.636705
0.650928
0.668422
0.683885
0.701605
0.716987
0.73199
0.741747
0.75657
0.76615
0.78184
0.793504
0.811878
0.82475
0.836106
0.852246
0.864239
0.877554
0.886502
0.896746
0.905362
0.913348
0.923576
0.930528
0.940382
0.947554
0.957066
0.964135
0.97139
0.982526
0.991842
1.00066
1.00767
1.01713
1.02402
1.03138
1.04107

0.010272
0.032435
0.041198
0.051972
0.059705
0.069668
0.07996
0.08806
0.097679
0.105161
0.160499
0.188621
0.200304
0.212424
0.219977
0.230232
0.238548
0.268527
0.277234
0.287509
0.297352
0.5331
0.55457
0.608946
0.63555
0.656971
0.669608
0.681643
0.696901
0.709617
0.728151
0.740127
0.757251
0.773496
0.785714
0.801006
0.81391
0.835678
0.848127
0.864353
0.882278
0.894133
0.902951
0.912256
0.91984
0.931701
0.940678
0.947932
0.958299
0.965947
0.975582
0.982758
0.99117
1.00064
1.00776
1.01723
1.02472
1.03409
1.04123
1.05078

0.012729
0.037422
0.053702
0.063239
0.076587
0.086864
0.137348
0.157754
0.173942
0.186503
0.206606
0.22239
0.2359
0.249605
0.265367
0.274397
0.287615
0.300728
0.316879
0.329685
0.352882
0.362086
0.37194
0.385223
0.394707
0.405988
0.415596
0.430729
0.44496
0.468858
0.48176
0.496364
0.513325
0.5273
0.537913
0.546379
0.556563
0.571309
0.579153
0.588516
0.597801
0.612877
0.621718
0.629454
0.636325
0.643545
0.653604
0.663698
0.673556
0.68093
0.690703
0.698049
0.707873
0.715365
0.725501
0.735345
0.742833
0.750211
0.757701
0.76457

0.010859
0.026149
0.048771
0.058349
0.069587
0.077185
0.088288
0.098902
0.108775
0.122639
0.129845
0.140941
0.246879
0.255615
0.265544
0.280555
0.290737
0.299335
0.316911
0.328627
0.359897
0.387932
0.4034
0.420255
0.430231
0.442137
0.451336
0.461089
0.480897
0.490985
0.508291
0.525356
0.540694
0.554786
0.575739
0.590788
0.604388
0.615003
0.623865
0.63181
0.641621
0.649292
0.659245
0.669196
0.678605
0.686582
0.696568
0.706386
0.713621
0.724443
0.734431
0.743735
0.750924
0.758022
0.767402
0.774743
0.78413
0.791491
0.800968
0.808045

0.009984
0.075082
0.08574
0.099964
0.113792
0.130904
0.165993
0.186066
0.211873
0.23022
0.242869
0.260954
0.281569
0.297828
0.310623
0.320734
0.352022
0.367808
0.386171
0.397019
0.411066
0.422544
0.458247
0.478994
0.495627
0.5469
0.560514
0.58402
0.59545
0.610774
0.625876
0.646807
0.655135
0.681377
0.68904
0.699653
0.723499
0.746875
0.764703
0.78012
0.794487
0.815492
0.823887
0.839879
0.850056
0.860312
0.871479
0.881302
0.889231
0.900983
0.910273
0.920213
0.928789
0.937723
0.949254
0.959161
0.967236
0.976782
0.985908
0.995997

0.01266
0.035293
0.067412
0.079963
0.102896
0.115063
0.126638
0.141871
0.160701
0.173788
0.182288
0.193853
0.207114
0.219559
0.228158
0.237648
0.24686
0.259248
0.271408
0.278819
0.348777
0.377099
0.385092
0.39778
0.406446
0.418373
0.42668
0.43847
0.487524
0.518372
0.548743
0.56542
0.575929
0.5891
0.601773
0.628516
0.660114
0.669759
0.681547
0.699632
0.710537
0.72713
0.754595
0.776748
0.790869
0.808381
0.820742
0.831447
0.840322
0.853427
0.862373
0.869758
0.877161
0.896488
0.904274
0.914666
0.922478
0.932151
0.942086
0.953182

0.008812
0.020942
0.028767
0.113354
0.157103
0.182552
0.201045
0.219505
0.243762
0.259672
0.275354
0.288555
0.302244
0.312753
0.322861
0.336205
0.348902
0.358654
0.366831
0.45244
0.581469
0.649956
0.699863
0.750522
0.771708
0.818202
0.839251
0.857958
0.901551
0.939693
0.958654
0.967563
0.984311
0.998022
1.01016
1.02395
1.03933
1.04973
1.05945
1.06874
1.07839
1.09605
1.10377
1.11476
1.12374
1.13528
1.14587
1.15388
1.16458
1.17547
1.18621
1.19368
1.20122
1.21234
1.22009
1.22779
1.23508
1.24554
1.25374
1.26396

0.008253
0.083051
0.093538
0.103687
0.112411
0.197841
0.207867
0.215181
0.39591
0.407069
0.420435
0.431226
0.490095
0.498615
0.521664
0.557946
0.658962
0.669334
0.680976
0.694075
0.77378
0.807337
0.87862
0.894147
0.909344
0.918252
0.933454
0.942965
0.963499
0.978133
0.991962
1.01224
1.0352
1.0493
1.05709
1.0669
1.08537
1.09669
1.11032
1.11782
1.12748
1.13672
1.14448
1.33376
1.35555
1.4342
1.44544
1.46015
1.47012
1.48886
1.50324
1.51606
1.52817
1.53735
1.54805
1.57247
1.58299
1.5918
1.60166
1.60962

0.010486
0.021206
0.032577
0.04087
0.049814
0.060097
0.068481
0.141088
0.175937
0.251875
0.267191
0.281525
0.296783
0.307097
0.323324
0.336717
0.347072
0.377717
0.481329
0.549364
0.566495
0.607487
0.623113
0.635604
0.655877
0.67619
0.685399
0.694555
0.712877
0.724041
0.732862
0.741598
0.750218
0.774641
0.839504
0.849584
0.868994
0.886265
0.901303
0.933432
0.95144
0.9763
1.00281
1.01561
1.02436
1.03258
1.04007
1.05213
1.06442
1.0789
1.08705
1.09719
1.10511
1.11668
1.12655
1.13543
1.14496
1.15628
1.16357
1.17127

