0.425443
1.07597
1.41821
1.81045
2.15264
2.47824
2.82044
3.13772
3.47281
3.79837
4.1073
4.43291
4.75012
5.12604
5.44327
5.76881
6.10272
6.42829
6.75386
7.07948

0.409151
1.0932
1.42712
1.77766
2.12831
2.44552
2.77939
3.12182
3.44734
3.78124
4.1152
4.44914
4.78423
5.13488
5.46881
5.80273
6.13663
6.46222
6.77102
7.08815

0.315759
0.933044
1.28365
1.62587
1.96458
2.32
2.63716
2.97109
3.33031
3.63084
3.9481
4.28207
4.61596
4.95822
5.32549
5.64256
5.97635
6.29352
6.619
6.94561

0.324658
0.933572
1.35983
1.67703
1.99427
2.33702
2.68764
3.01314
3.34023
3.65739
3.98279
4.29993
4.60866
4.91742
5.24297
5.58508
5.90222
6.23591
6.55305
6.87019

0.410318
1.06923
1.43765
1.75484
2.07219
2.39777
2.74004
3.06561
3.39951
3.72509
4.05069
4.37625
4.70185
5.01084
5.33646
5.68696
6.01255
6.3477
6.67321
6.99864

0.360888
0.97812
1.35368
1.73764
2.08818
2.40542
2.75605
3.0753
3.42605
3.78501
4.10236
4.44463
4.77021
5.11243
5.43803
5.7969
6.12247
6.45634
6.79011
7.11555

0.391215
1.06806
1.4271
1.78597
2.11989
2.43709
2.76283
3.1301
3.4807
3.80624
4.14014
4.45743
4.783
5.11694
5.44251
5.77642
6.14481
6.46195
6.79575
7.12954

0.36277
1.06351
1.42263
1.7648
2.1071
2.44096
2.76656
3.11712
3.43431
3.75987
4.07722
4.41228
4.72956
5.05512
5.389
5.73123
6.08175
6.40735
6.73286
7.04162

0.357671
1.04223
1.36891
1.80324
2.12881
2.44601
2.79662
3.13895
3.47295
3.83185
4.14913
4.48301
4.80854
5.12562
5.44275
5.81824
6.16872
6.49539
6.8125
7.12961

0.38436
1.07657
1.43557
1.803
2.14569
2.47127
2.78854
3.14864
3.49089
3.82488
4.15884
4.48442
4.82658
5.17732
5.51129
5.83668
6.17881
6.5126
6.82971
7.15515

0.423273
1.11547
1.47438
1.79167
2.19232
2.52624
2.86035
3.2109
3.54481
3.87897
4.22123
4.52186
4.87418
5.21631
5.54166
5.88382
6.21261
6.55139
6.87689
7.37728

